# t (s)	mx ()	my ()	mz ()
0	0.9972527	3.5802599e-09	1.1469723e-10
1.0002858080021541e-11	0.99725246	-0.00018613135	0.00023039675
2.001901091127361e-11	0.9972517	7.619608e-05	-0.0008433977
3.0024364699573375e-11	0.9972471	0.002471433	-0.0016325625
4.000004516193138e-11	0.99724144	0.00441043	-0.0007157607
5.0003416732688575e-11	0.99723935	0.004971297	-1.8515848e-06
6.000040559806484e-11	0.9972426	0.004163035	0.0008860628
7.002409825067537e-11	0.99724805	0.002278459	0.001296
8.001461966667515e-11	0.9972508	-3.5015022e-05	0.0014580522
9.002426556541866e-11	0.9972487	-0.0021396326	0.0011296336
1.0001030485486355e-10	0.9972437	-0.0035456044	0.0006653493
1.1001497213977799e-10	0.9972404	-0.004035204	1.4794712e-05
1.2002771390937498e-10	0.99724245	-0.003591803	-0.00051579747
1.3000060370348023e-10	0.99724823	-0.002384378	-0.0009753872
1.4001435945340743e-10	0.9972521	-0.00068396004	-0.0011575704
1.5000369657441284e-10	0.99725026	0.0011647322	-0.0011579742
1.6000318201836802e-10	0.99724495	0.0028011836	-0.00084947096
1.7000674412821356e-10	0.99724126	0.003841075	-0.0003684711
1.8001947383554534e-10	0.9972425	0.003961214	0.00029117835
1.9002003958125303e-10	0.9972473	0.0030430926	0.0008752736
2.000190898094733e-10	0.99725133	0.001255361	0.0013007454
2.1002567973167017e-10	0.99725133	-0.0009615067	0.0013415697
2.2001553522638043e-10	0.997247	-0.0029804579	0.0010273249
2.300224889192609e-10	0.9972424	-0.0041798353	0.00036324668
2.4001629272062385e-10	0.9972422	-0.004168643	-0.0003789036
2.500089411919252e-10	0.9972467	-0.0029622223	-0.0010312439
2.6001179656010813e-10	0.99725115	-0.0009448619	-0.0013342326
2.7001178978246137e-10	0.99725145	0.0012599893	-0.0012669093
2.8002262006862556e-10	0.997248	0.002998476	-0.00081882434
2.900105060964025e-10	0.9972445	0.0038014953	-0.00020776759
3.000029053193915e-10	0.997244	0.0035513402	0.00042687607
3.1000974112074037e-10	0.9972466	0.0024276432	0.0008686599
3.2000145416942216e-10	0.9972501	0.0008064413	0.0010797303
3.3000561665059873e-10	0.99725145	-0.00088111655	0.0009991184
3.4001490924413337e-10	0.9972494	-0.0022463934	0.0007247292
3.500120241843317e-10	0.99724615	-0.0030389712	0.00029627865
3.60018811918881e-10	0.99724513	-0.0031461269	-0.00015475956
3.700221372640869e-10	0.99724734	-0.0025594044	-0.0005929294
3.8000444854121586e-10	0.9972502	-0.0013804124	-0.0008938755
3.9002501610977035e-10	0.99725085	0.00017043026	-0.0010228322
4.000259950000867e-10	0.9972492	0.0017462298	-0.0008903069
4.100079500149993e-10	0.9972469	0.0029536132	-0.00053731806
4.200276772321125e-10	0.99724615	0.0034385698	9.306509e-06
4.3002456265653585e-10	0.9972477	0.002992246	0.00056944793
4.400191028955032e-10	0.9972501	0.0016847325	0.0010063895
4.5002766010991216e-10	0.9972511	-0.0001322661	0.0011452981
4.600267093491664e-10	0.99724936	-0.0019238734	0.00096525275
4.700148355708865e-10	0.9972468	-0.0031556822	0.00048647617
4.800028515719811e-10	0.9972463	-0.003462672	-0.00011033398
4.900041988568004e-10	0.99724835	-0.002775357	-0.00066684873
5.000192182805396e-10	0.997251	-0.0013486424	-0.0009894165
5.100201880666541e-10	0.9972514	0.00035318566	-0.0010293431
5.2001110902126e-10	0.9972497	0.0018414506	-0.00077756523
5.300074390739171e-10	0.99724734	0.002745026	-0.00036048258
5.400242609627195e-10	0.99724674	0.0028905473	0.000119578195
5.500188392894062e-10	0.99724835	0.0023335994	0.0005102962
5.600191528858222e-10	0.9972509	0.0012824541	0.0007629993
5.700216573153199e-10	0.9972522	6.1059004e-06	0.0008211916
5.800218285720091e-10	0.99725085	-0.0012236082	0.00071699236
5.900243829264086e-10	0.99724805	-0.0021592313	0.00045098946
6.000044522314201e-10	0.99724686	-0.0026110762	9.8178934e-05
6.100165881312516e-10	0.9972482	-0.0024690717	-0.00030363494
6.200280210499009e-10	0.99725074	-0.0017219333	-0.0006459666
6.300126296188968e-10	0.9972522	-0.0005011484	-0.0008598067
6.400053277247734e-10	0.9972514	0.0009144107	-0.0008454892
6.500067875095334e-10	0.9972491	0.0021451602	-0.0006064597
6.600187788229308e-10	0.99724734	0.002824241	-0.0001718341
6.700092099717631e-10	0.9972478	0.0027238056	0.00031683894
6.800059475416287e-10	0.99725	0.0018435477	0.000734385
6.900063170606778e-10	0.997252	0.00043231514	0.00092670775
7.000065477263827e-10	0.99725175	-0.0010807317	0.00085538544
7.100054969734041e-10	0.99724984	-0.0022420152	0.0005294474
7.200064898224128e-10	0.99724823	-0.0027300974	7.72393e-05
7.300119226133935e-10	0.99724835	-0.0024436715	-0.00037920233
7.400209275332614e-10	0.99724996	-0.00151784	-0.00068872055
7.500032863187741e-10	0.99725145	-0.00026850853	-0.0007986562
7.600171193211361e-10	0.99725175	0.000950696	-0.0006878647
7.700077156646881e-10	0.99725056	0.0018411996	-0.00043187087
7.800252510161004e-10	0.9972492	0.0022376757	-9.0707166e-05
7.900098922171915e-10	0.99724895	0.0020977538	0.00023418857
8.000266792128132e-10	0.9972501	0.0014945611	0.00049968803
8.100200004525826e-10	0.9972514	0.00057984085	0.0006420156
8.200189075310068e-10	0.9972515	-0.00046045048	0.00065642217
8.300216742198443e-10	0.9972506	-0.0014139496	0.0005162868
8.400243786637858e-10	0.99724954	-0.0020597486	0.0002551968
8.500254227564959e-10	0.99724954	-0.0022177636	-9.449011e-05
8.600258497846781e-10	0.9972504	-0.0018088941	-0.00043301366
8.700279524459246e-10	0.9972512	-0.0008973211	-0.0006833818
8.800056593000243e-10	0.9972514	0.00029580703	-0.0007474238
8.90017456862971e-10	0.99725056	0.0014467902	-0.0006069747
9.000050295800646e-10	0.9972496	0.00220439	-0.00027881833
9.100193855831028e-10	0.9972496	0.0023368404	0.0001264467
9.200201894033061e-10	0.99725074	0.001802356	0.000499479
9.30018697933129e-10	0.99725163	0.00076949183	0.00071243825
9.400171655597849e-10	0.9972516	-0.0004438337	0.00071996095
9.500151713425112e-10	0.9972506	-0.001475156	0.0005168012
9.600124987397602e-10	0.99724966	-0.0020448917	0.00019318622
9.700094006260277e-10	0.9972498	-0.0020384856	-0.00016221583
9.800068963883785e-10	0.99725074	-0.0015144156	-0.00043750502
9.900059575945583e-10	0.99725175	-0.00065572024	-0.0005865645
1.0000074321424113e-09	0.9972521	0.00029574693	-0.00057747704
1.0100119852005363e-09	0.99725115	0.0011141563	-0.00044631673
1.0200196908744004e-09	0.9972499	0.0016376575	-0.00022031802
1.030002121964534e-09	0.9972496	0.0017791678	3.616782e-05
1.0400159541015457e-09	0.9972506	0.0015190325	0.00028989866
1.0500007702467314e-09	0.9972518	0.00090982986	0.00047583325
1.0600058662618882e-09	0.99725235	7.0777234e-05	0.00056551053
1.0700043309034947e-09	0.9972516	-0.00081523624	0.00051572954
1.0800014345005383e-09	0.9972504	-0.0015335365	0.00033827723
1.0900261800952473e-09	0.99724984	-0.0018797121	5.1549036e-05
1.1000213578815581e-09	0.99725026	-0.0017266988	-0.00025816407
1.1100170555708283e-09	0.99725145	-0.0010893228	-0.0005146444
1.120014904180351e-09	0.9972523	-0.0001319969	-0.00062471116
1.130015832043566e-09	0.997252	0.00087298424	-0.0005616529
1.1400201633425651e-09	0.99725085	0.0016271581	-0.0003281126
1.150027382534226e-09	0.9972501	0.0019062927	-8.563545e-06
1.160008206775197e-09	0.9972503	0.0016409775	0.00030786786
1.1700189846264074e-09	0.9972513	0.0009322518	0.0005167607
1.1800007039852707e-09	0.99725187	1.1311562e-05	0.0005756184
1.1900073719039235e-09	0.99725187	-0.00085675286	0.000469692
1.2000083176946607e-09	0.9972513	-0.0014414858	0.0002560209
1.2100059900686175e-09	0.9972507	-0.001620397	-7.705262e-06
1.220002989864521e-09	0.99725074	-0.0013940986	-0.00024007732
1.2300003585208603e-09	0.9972512	-0.00085754733	-0.00040377246
1.2400272723862318e-09	0.9972518	-0.0001531605	-0.00046152665
1.2500267938473145e-09	0.99725175	0.000555444	-0.0004217546
1.2600278706210717e-09	0.9972514	0.001122402	-0.00028624551
1.27000192671851e-09	0.997251	0.0014317078	-9.399203e-05
1.280006263463862e-09	0.997251	0.0014135018	0.00013066018
1.2900118551958903e-09	0.9972514	0.0010523857	0.00032883286
1.3000180443252825e-09	0.99725175	0.00041153224	0.0004613364
1.3100238564049651e-09	0.99725163	-0.00036329616	0.00047495184
1.320028468522522e-09	0.9972513	-0.0010714842	0.00036562103
1.3300028402210375e-09	0.997251	-0.0015094772	0.00014415888
1.3400046990191021e-09	0.9972511	-0.0015388841	-0.00012213623
1.3500060738156767e-09	0.9972516	-0.0011331559	-0.0003644199
1.3600070338528069e-09	0.99725187	-0.00040500134	-0.00049669156
1.3700075465559584e-09	0.99725175	0.00042887023	-0.0004884315
1.3800077465709707e-09	0.9972513	0.0011213138	-0.00033525488
1.3900079927611456e-09	0.9972509	0.0014769193	-9.8237586e-05
1.4000086318235227e-09	0.9972511	0.0014109719	0.00015794719
1.4100099381811058e-09	0.99725163	0.00097032794	0.00034885935
1.4200121541038407e-09	0.99725217	0.00030580786	0.00043764993
1.4300150820445469e-09	0.99725205	-0.0003880564	0.00040327702
1.4400188336811753e-09	0.99725145	-0.0009365868	0.00027808355
1.450023166578859e-09	0.997251	-0.0012239564	9.32413e-05
1.4600277173996034e-09	0.99725103	-0.0012092482	-9.432661e-05
1.4700034049580682e-09	0.9972516	-0.0009211856	-0.00025449172
1.480007155085067e-09	0.99725217	-0.00043440823	-0.00034957068
1.4900098662311843e-09	0.9972522	0.00014590427	-0.00037219012
1.500011249473578e-09	0.99725163	0.0006972308	-0.00030676118
1.510011392641465e-09	0.9972512	0.0010941975	-0.00017185399
1.520010930833457e-09	0.997251	0.0012333161	1.6608637e-05
1.5300105317401225e-09	0.9972514	0.0010625166	0.00020661808
1.540010710778188e-09	0.99725187	0.0006039263	0.00035692408
1.5500117890507224e-09	0.9972522	-3.562771e-05	0.00041158675
1.5600139582547384e-09	0.997252	-0.000683421	0.00035622393
1.570017184583082e-09	0.9972514	-0.0011505248	0.00019244468
1.580021122720818e-09	0.9972511	-0.0012956212	-2.425974e-05
1.5900255424686396e-09	0.9972513	-0.0010735209	-0.00023744191
1.6000011801961336e-09	0.9972518	-0.0005548219	-0.0003736444
1.6100049678876138e-09	0.9972521	0.00010370288	-0.0004034122
1.6200077566490163e-09	0.997252	0.0007046856	-0.00031466354
1.6300094975239166e-09	0.9972516	0.0010829854	-0.00014970628
1.6400102974652859e-09	0.9972514	0.0011525244	4.7332756e-05
1.6500106112224857e-09	0.99725145	0.0009215572	0.00021260083
1.660010751089165e-09	0.9972517	0.00047666772	0.00031508203
1.670011267343575e-09	0.99725187	-5.2572486e-05	0.00032937076
1.68001244045024e-09	0.99725205	-0.0005355326	0.00027076167
1.6900142439357935e-09	0.9972517	-0.0008702523	0.00015157158
1.7000166443979735e-09	0.9972516	-0.0009953385	8.571946e-06
1.7100196042893014e-09	0.99725163	-0.0008913779	-0.00013744287
1.720022844521838e-09	0.9972518	-0.0005817729	-0.0002492944
1.7300261666860626e-09	0.99725187	-0.00013005506	-0.00031075187
1.74000063410335e-09	0.99725175	0.00036474742	-0.00029596713
1.7500033859982581e-09	0.99725163	0.0007869275	-0.00020975493
1.7600058380485592e-09	0.99725163	0.0010194759	-5.9338294e-05
1.7700077753100741e-09	0.99725175	0.0009864555	0.000110756955
1.7800093211805615e-09	0.99725187	0.00068222743	0.00026082149
1.7900105601529975e-09	0.99725187	0.0001819484	0.00033727865
1.8000116872702131e-09	0.99725187	-0.00037502963	0.00032208432
1.8100127566645523e-09	0.99725163	-0.0008255027	0.0002101241
1.820014042463687e-09	0.9972516	-0.0010371871	4.3036696e-05
1.830015586958726e-09	0.9972517	-0.00095348223	-0.00013521736
1.8400174792076836e-09	0.99725205	-0.0006100766	-0.00026434314
1.850019730639665e-09	0.9972521	-0.000117535135	-0.00031734686
1.8600222204165511e-09	0.99725187	0.00037811164	-0.00027776323
1.8700250038071543e-09	0.9972517	0.00074361044	-0.0001719648
1.880027913477193e-09	0.9972515	0.0008960178	-2.7744154e-05
1.890002103083448e-09	0.99725163	0.00081890915	0.000107378706
1.900004820688935e-09	0.99725205	0.00055162766	0.00021067272
1.910007204012813e-09	0.9972522	0.00017065436	0.0002555335
1.9200090952149703e-09	0.9972521	-0.00023316688	0.00024505434
1.930010516390324e-09	0.9972518	-0.0005727312	0.00017765658
1.9400116985625085e-09	0.9972516	-0.00077779405	7.500675e-05
1.950012747184025e-09	0.99725163	-0.00080230547	-5.0231425e-05
1.9600138539171445e-09	0.9972518	-0.00063350156	-0.00016437398
1.9700152295362613e-09	0.9972521	-0.00030108326	-0.00024658194
1.9800169949466695e-09	0.9972522	0.00012040329	-0.0002653855
1.9900191142997503e-09	0.9972521	0.00052475353	-0.00021750262
2.0000215876510045e-09	0.99725175	0.0007994522	-0.000104033155
2.0100242852513306e-09	0.99725163	0.0008599701	3.8990856e-05
2.0200271507790135e-09	0.9972517	0.0006808525	0.00017737281
2.030001262418047e-09	0.99725187	0.00031135342	0.00026227496
2.0400037894595662e-09	0.9972522	-0.00014302578	0.0002751516
2.050005986509179e-09	0.99725205	-0.0005480118	0.00020602888
2.0600078000317364e-09	0.9972518	-0.0007881968	8.446511e-05
2.070009236141181e-09	0.99725175	-0.00080252736	-5.7989128e-05
2.0800105245857346e-09	0.99725175	-0.00060099043	-0.00017275343
2.0900118001749616e-09	0.997252	-0.00025430336	-0.00023691318
2.1000131424231694e-09	0.9972521	0.00013457674	-0.00023226868
2.1100147376144027e-09	0.9972521	0.00046416506	-0.00017368491
2.1200165561412313e-09	0.997252	0.0006601233	-7.504536e-05
2.130018591988153e-09	0.9972518	0.00068891555	3.0634867e-05
2.140020945949874e-09	0.99725175	0.0005570168	0.00012653219
2.1500233577151845e-09	0.997252	0.00030200687	0.00018767384
2.160025816662279e-09	0.99725205	-1.8464354e-05	0.00020950315
2.1700283023734158e-09	0.99725205	-0.00033483998	0.00018068393
2.1800019637835857e-09	0.997252	-0.00057526794	0.000112219015
2.1900040865726097e-09	0.997252	-0.00068095344	1.0238134e-05
2.200005990047201e-09	0.99725205	-0.00061714987	-9.585899e-05
2.210007694030512e-09	0.99725205	-0.00038955497	-0.00018495419
2.2200092857366003e-09	0.99725205	-5.020262e-05	-0.00022439263
2.2300108484908537e-09	0.99725187	0.00031141695	-0.00020596053
2.2400123776613605e-09	0.99725187	0.0005926683	-0.00012577776
2.2500140286858517e-09	0.99725187	0.00071042305	-1.1843839e-05
2.2600157126911568e-09	0.997252	0.00062862464	0.00010850864
2.2700176056831387e-09	0.9972522	0.00037228773	0.00019313867
2.2800196980000548e-09	0.9972521	1.9610858e-05	0.00022360828
2.2900219064158425e-09	0.99725205	-0.00032471513	0.00018739857
2.300024157695743e-09	0.9972518	-0.0005649144	0.00010486829
2.3100264675690567e-09	0.9972518	-0.00064230803	-3.1629681e-06
2.320000101747978e-09	0.99725205	-0.00054955616	-9.933936e-05
2.330002283285126e-09	0.9972521	-0.00032448495	-0.0001662166
2.340004294046195e-09	0.9972522	-3.4626268e-05	-0.00018472922
2.3500061807119785e-09	0.9972521	0.0002461493	-0.00016156747
2.3600079291777003e-09	0.997252	0.00045514546	-0.000100167956
2.370009485600693e-09	0.99725175	0.0005511443	-2.1961334e-05
2.380011120789599e-09	0.99725175	0.0005178185	6.211397e-05
2.390012762504104e-09	0.9972521	0.00036438435	0.0001288935
2.400014427219693e-09	0.9972522	0.00012336951	0.00016982919
2.4100162125745978e-09	0.9972521	-0.00015258997	0.00016828561
2.4200182019962287e-09	0.9972521	-0.00039819913	0.00012750234
2.430020350291556e-09	0.9972518	-0.00054852484	4.881318e-05
2.4400225250638277e-09	0.99725187	-0.00055796694	-4.3468623e-05
2.4500247363134978e-09	0.99725205	-0.0004165491	-0.00013018464
2.4600269773705976e-09	0.99725205	-0.000157805	-0.0001800906
2.470000496250801e-09	0.9972522	0.000146783	-0.00018269946
2.4800024423594444e-09	0.9972521	0.0004111182	-0.00013047995
2.490004358646217e-09	0.997252	0.0005576461	-4.4326476e-05
2.500006175072128e-09	0.99725187	0.0005460215	5.5079257e-05
2.5100078690606615e-09	0.99725187	0.000384718	0.00013270667
2.5200095172284823e-09	0.9972521	0.0001259812	0.00017267322
2.530011233524846e-09	0.9972521	-0.00015282092	0.0001610591
2.540013027947545e-09	0.9972521	-0.00037539267	0.000110655135
2.5500148488353763e-09	0.99725205	-0.000488515	3.3273765e-05
2.5600167553625654e-09	0.99725205	-0.0004735445	-4.382264e-05
2.5700188237969405e-09	0.99725205	-0.00034501025	-0.00010757013
2.5800209362048023e-09	0.99725205	-0.00014175987	-0.00013971941
2.590022990638723e-09	0.9972521	8.578391e-05	-0.00014120848
2.6000250598564383e-09	0.9972521	0.00028675108	-0.000108342596
2.610027167181884e-09	0.9972521	0.00041841515	-5.4177093e-05
2.620000509374821e-09	0.9972521	0.000451627	1.5306821e-05
2.6300024307551217e-09	0.9972521	0.000376542	8.028454e-05
2.6400043106430994e-09	0.9972521	0.00020619933	0.00013051051
2.65000611619272e-09	0.99725205	-2.1610418e-05	0.00014685902
2.6600079316474157e-09	0.99725205	-0.0002506391	0.00012780007
2.670009680953142e-09	0.99725205	-0.00041872595	7.057372e-05
2.6800115159611375e-09	0.99725205	-0.00047611908	-5.4544516e-06
2.6900133455754933e-09	0.99725205	-0.00040262955	-8.412927e-05
2.7000151810527953e-09	0.99725205	-0.00021698876	-0.00013701852
2.71001711233459e-09	0.9972521	2.7820639e-05	-0.00015327254
2.720019126971455e-09	0.99725205	0.00026056234	-0.00012333758
2.73002115704072e-09	0.9972521	0.0004148853	-6.223028e-05
2.740023121993583e-09	0.9972521	0.0004501472	1.5881573e-05
2.7500252041376095e-09	0.99725217	0.00036316234	8.2956554e-05
2.760027252225705e-09	0.9972522	0.00018554622	0.00012623632
2.7700005633252555e-09	0.9972522	-2.8474627e-05	0.00013160931
2.7800024307301356e-09	0.99725205	-0.00022273588	0.000106171974
2.7900042997054557e-09	0.99725205	-0.00035069298	5.443233e-05
2.8000061643144678e-09	0.99725205	-0.0003877348	-4.2393126e-06
2.8100079807483056e-09	0.9972521	-0.00033200704	-6.108816e-05
2.820009746818045e-09	0.9972521	-0.00020103765	-9.942618e-05
2.8300116382158757e-09	0.9972522	-2.5879386e-05	-0.00011694557
2.8400134934516585e-09	0.9972522	0.00015435019	-0.000105213985
2.850015364476669e-09	0.9972521	0.00029903228	-7.112522e-05
2.8600173009919548e-09	0.9972521	0.00037296192	-1.630712e-05
2.8700193431074015e-09	0.99725205	0.00035472235	4.2274776e-05
2.880021351921422e-09	0.9972521	0.00024392137	9.4765004e-05
2.8900233012633403e-09	0.9972522	6.536491e-05	0.00012141306
2.9000252745058226e-09	0.9972521	-0.00013493546	0.00011798737
2.9100272823994797e-09	0.99725205	-0.00030130177	7.910416e-05
2.9200005621554956e-09	0.99725205	-0.00038541135	1.9983761e-05
2.9300023714716776e-09	0.99725205	-0.0003625351	-4.7309608e-05
2.9400043146725143e-09	0.99725205	-0.00023935047	-9.803078e-05
2.950006161787209e-09	0.9972521	-5.3073545e-05	-0.00012225579
2.9600079759184817e-09	0.9972522	0.00014129374	-0.000109393164
2.970009834469993e-09	0.9972522	0.000289279	-6.959995e-05
2.9800117678893483e-09	0.9972521	0.00035314815	-1.12623175e-05
2.990013610308301e-09	0.9972521	0.0003218441	4.394489e-05
3.0000154930335746e-09	0.9972521	0.00021084755	8.635483e-05
3.0100174600635715e-09	0.9972521	5.4435535e-05	0.00010227757
3.0200194650280345e-09	0.99725205	-0.000106338506	9.497035e-05
3.0300213736863332e-09	0.9972521	-0.00023394934	6.3806925e-05
3.040023316245311e-09	0.9972521	-0.00030185207	2.1783337e-05
3.0500253415767766e-09	0.9972521	-0.00029755506	-2.6191437e-05
3.060027312585526e-09	0.9972521	-0.00022358345	-6.541424e-05
3.0700005224273514e-09	0.9972521	-9.663783e-05	-9.199175e-05
3.0800023885209963e-09	0.9972521	5.581328e-05	-9.4936964e-05
3.0900043057813597e-09	0.9972521	0.0001976358	-7.668542e-05
3.100006164896193e-09	0.99725217	0.00029239018	-3.572313e-05
3.110007981696804e-09	0.9972521	0.00031287715	1.4001959e-05
3.1200098945225802e-09	0.9972522	0.0002499669	6.387994e-05
3.130011801220881e-09	0.9972522	0.00011789059	9.514251e-05
3.140013700907704e-09	0.9972521	-4.799643e-05	0.00010245828
3.150015601378989e-09	0.99725205	-0.00020064466	7.872875e-05
3.1600175901268045e-09	0.99725205	-0.00029629172	3.516803e-05
3.170019504987908e-09	0.99725205	-0.00030828136	-1.9549874e-05
3.180021445856336e-09	0.9972521	-0.00023554506	-6.496248e-05
3.190023348568112e-09	0.9972521	-0.00010183264	-9.2722505e-05
3.2000253795247784e-09	0.9972522	5.2695043e-05	-9.192471e-05
3.2100273142692724e-09	0.9972521	0.00018522581	-6.905734e-05
3.2200004837149506e-09	0.9972521	0.0002626193	-2.806711e-05
3.230002376633989e-09	0.9972521	0.0002701512	1.50684045e-05
3.2400043100917827e-09	0.9972521	0.0002111862	5.369149e-05
3.2500061797633043e-09	0.9972522	0.00010470605	7.5204975e-05
3.2600080208620025e-09	0.9972522	-2.1946258e-05	8.040475e-05
3.2700099583232455e-09	0.9972521	-0.00013950345	6.5035056e-05
3.280011889200325e-09	0.9972521	-0.00022232183	3.7228194e-05
3.290013776018815e-09	0.99725205	-0.00025202567	-1.3447217e-06
3.300015628518275e-09	0.99725205	-0.00022108287	-3.808141e-05
3.310017641267285e-09	0.9972521	-0.00013489884	-6.862594e-05
3.320019572613127e-09	0.9972522	-1.2580455e-05	-8.069458e-05
3.3300214550630576e-09	0.9972522	0.000116097246	-7.422908e-05
3.34002335868079e-09	0.9972521	0.00021693684	-4.5498007e-05
3.3500254207661886e-09	0.9972521	0.00026111564	-5.59339e-06
3.3600273099717173e-09	0.9972521	0.0002343731	3.8706836e-05
3.3700004864367454e-09	0.9972521	0.00014332164	7.042654e-05
3.380002384882218e-09	0.99725217	1.2944917e-05	8.442266e-05
3.3900043402207737e-09	0.9972521	-0.00011899815	7.249676e-05
3.4000062031144365e-09	0.9972521	-0.00021499969	4.2675852e-05
3.4100080379409595e-09	0.99725205	-0.0002492674	2.4412694e-07
3.420009986622785e-09	0.9972521	-0.0002153626	-3.8228336e-05
3.4300119225425866e-09	0.99725205	-0.0001264323	-6.630594e-05
3.4400137841232533e-09	0.9972521	-9.755923e-06	-7.345347e-05
3.4500156813256974e-09	0.9972522	0.000102753664	-6.3534106e-05
3.4600176771594033e-09	0.9972522	0.00018346665	-3.67822e-05
3.470019601489981e-09	0.9972522	0.00021557968	-4.909195e-06
3.48002151505946e-09	0.9972521	0.00019493033	2.8333216e-05
3.4900234404987977e-09	0.9972521	0.00012914	5.1764342e-05
3.5000253966923055e-09	0.9972521	3.4474302e-05	6.475057e-05
3.51002730160767e-09	0.9972521	-6.735065e-05	6.0695485e-05
3.5200004815588098e-09	0.9972521	-0.00015304322	4.4356926e-05
3.530002429006573e-09	0.9972521	-0.00020251829	1.4886239e-05
3.5400043297110884e-09	0.9972521	-0.0002021054	-1.7198121e-05
3.550006215061647e-09	0.9972521	-0.0001496524	-4.7920897e-05
3.560008065046485e-09	0.99725217	-5.66795e-05	-6.498283e-05
3.5700100462862053e-09	0.9972521	5.332992e-05	-6.690475e-05
3.5800119525283257e-09	0.9972521	0.00015040017	-4.8481368e-05
3.5900138060079936e-09	0.9972521	0.0002069261	-1.8236276e-05
3.600015737114231e-09	0.9972521	0.00020629216	1.9108582e-05
3.610017695552856e-09	0.9972522	0.00014883062	4.8833448e-05
3.6200196346127966e-09	0.9972522	5.170617e-05	6.617411e-05
3.6300214926195194e-09	0.9972522	-5.6509474e-05	6.278575e-05
3.640023485232207e-09	0.99725205	-0.00014536318	4.429221e-05
3.6500253917842406e-09	0.9972521	-0.0001915817	1.3090664e-05
3.660027293140972e-09	0.9972521	-0.00018560453	-1.781688e-05
3.67000048363825e-09	0.9972521	-0.00013284606	-4.39474e-05
3.6800024799708138e-09	0.99725217	-4.9840648e-05	-5.571108e-05
3.690004345958387e-09	0.9972522	4.095615e-05	-5.5106524e-05
3.700006204344792e-09	0.9972522	0.0001175726	-3.9711824e-05
3.7100080595049975e-09	0.9972521	0.00016335162	-1.7649361e-05
3.720010081895729e-09	0.9972521	0.00016931484	9.631387e-06
3.7300119832414695e-09	0.9972522	0.00013518272	3.2418455e-05
3.740013839303917e-09	0.9972522	6.8803485e-05	4.9497692e-05
3.750015768928678e-09	0.9972521	-1.4793145e-05	5.3070726e-05
3.76001775956645e-09	0.99725217	-9.602125e-05	4.549361e-05
3.770019648064885e-09	0.9972521	-0.00015438859	2.4233277e-05
3.7800214897605785e-09	0.99725205	-0.0001738519	-2.190343e-06
3.790023493417317e-09	0.99725205	-0.0001475143	-3.067915e-05
3.800025407751337e-09	0.9972521	-8.1005914e-05	-4.9634866e-05
3.810027255430368e-09	0.9972522	8.234526e-06	-5.696852e-05
3.82000048801358e-09	0.9972522	9.50619e-05	-4.667448e-05
3.830002487677726e-09	0.9972521	0.00015536744	-2.5163527e-05
3.840004377420265e-09	0.9972522	0.00017198939	4.792458e-06
3.85000618894221e-09	0.9972521	0.0001412965	3.081135e-05
3.860008136316137e-09	0.9972521	7.349864e-05	4.9139337e-05
3.870010106924135e-09	0.9972521	-1.0959679e-05	5.1619292e-05
3.880012005194817e-09	0.9972522	-8.846349e-05	4.2091542e-05
3.890013852476605e-09	0.9972521	-0.0001391294	2.058955e-05
3.900015829236274e-09	0.9972521	-0.00015204029	-2.9881576e-06
3.910017766378299e-09	0.9972521	-0.00012671125	-2.6075315e-05
3.920019685452571e-09	0.9972521	-7.196021e-05	-3.9871935e-05
3.9300215462452755e-09	0.9972521	-2.2956451e-06	-4.538077e-05
3.94002352161106e-09	0.99725217	6.564806e-05	-3.8442857e-05
3.95002542311979e-09	0.9972521	0.00011668237	-2.451906e-05
3.960027268259994e-09	0.9972522	0.00013939546	-3.2062574e-06
3.970000541688674e-09	0.9972521	0.00012852742	1.7214306e-05
3.9800024792760625e-09	0.9972522	8.580571e-05	3.5661553e-05
3.990004397094921e-09	0.99725217	2.0717072e-05	4.3882974e-05
4.000006234763251e-09	0.9972521	-5.1048184e-05	4.2766627e-05
4.010008215270156e-09	0.99725205	-0.00011076048	2.8510214e-05
4.020010120252288e-09	0.9972521	-0.00014183621	7.908717e-06
4.0300120267710645e-09	0.9972521	-0.00013479007	-1.697528e-05
4.040013896875461e-09	0.9972521	-9.091665e-05	-3.565801e-05
4.050015904369481e-09	0.9972521	-2.2261831e-05	-4.6073284e-05
4.060017763341513e-09	0.9972522	5.1566843e-05	-4.1829873e-05
4.070019645101969e-09	0.9972521	0.00010969595	-2.7768543e-05
4.080021584380861e-09	0.9972521	0.00013630748	-4.9112464e-06
4.090023522295271e-09	0.9972521	0.00012546283	1.6625712e-05
4.1000254321916015e-09	0.9972522	8.202031e-05	3.4276378e-05
4.110027293032659e-09	0.9972521	1.9545878e-05	4.0362138e-05
4.120000595264349e-09	0.9972521	-4.445406e-05	3.7481426e-05
4.1300025217289e-09	0.9972521	-9.41601e-05	2.387351e-05
4.140004431124603e-09	0.9972521	-0.00011839014	6.925715e-06
4.150006258593873e-09	0.9972521	-0.00011303521	-1.2412107e-05
4.160008272975108e-09	0.9972521	-8.096674e-05	-2.6408488e-05
4.170010134086928e-09	0.9972522	-3.046478e-05	-3.5533318e-05
4.1800120215177766e-09	0.9972522	2.6559443e-05	-3.4602836e-05
4.19001393165445e-09	0.9972522	7.7050194e-05	-2.7157716e-05
4.200015934113479e-09	0.9972522	0.000108973756	-1.1366419e-05
4.210017776067762e-09	0.9972522	0.000114092145	5.9513536e-06
4.2200196661122685e-09	0.9972522	9.0101435e-05	2.3905033e-05
4.230021636464778e-09	0.9972522	4.2183678e-05	3.4438708e-05
4.240023580122832e-09	0.9972521	-1.7768758e-05	3.7656653e-05
4.250025465783773e-09	0.9972521	-7.365572e-05	2.9020515e-05
4.260027304145227e-09	0.9972521	-0.000109890316	1.3900209e-05
4.27000063740683e-09	0.99725217	-0.00011603134	-6.6744046e-06
4.280002527875822e-09	0.9972521	-9.0433954e-05	-2.3674971e-05
4.290004419400461e-09	0.9972521	-4.060101e-05	-3.539132e-05
4.300006287671457e-09	0.99725217	1.8877121e-05	-3.546121e-05
4.31000829631592e-09	0.9972522	7.1234936e-05	-2.7465521e-05
4.320010189417112e-09	0.9972522	0.000102505415	-1.09449e-05
4.330012045107135e-09	0.9972522	0.00010559413	5.9968906e-06
4.340013979308461e-09	0.9972522	8.146928e-05	2.1950067e-05
4.35001595465947e-09	0.9972522	3.815307e-05	2.9891939e-05
4.360017871543244e-09	0.9972521	-1.2426567e-05	3.1597727e-05
4.370019689257212e-09	0.9972521	-5.7646415e-05	2.4104354e-05
4.380021679595091e-09	0.9972521	-8.7325556e-05	1.2837271e-05
4.390023580598908e-09	0.9972521	-9.530907e-05	-2.6035495e-06
4.400025470719502e-09	0.9972521	-8.045119e-05	-1.5571297e-05
4.410027343466071e-09	0.9972521	-4.6343786e-05	-2.6386759e-05
4.420000653381371e-09	0.99725217	-1.0239903e-06	-2.937119e-05
4.4300025567095e-09	0.9972521	4.5149784e-05	-2.6783107e-05
4.440004416237384e-09	0.9972522	8.055754e-05	-1.5769e-05
4.450006364502688e-09	0.9972522	9.577397e-05	-1.938122e-06
4.460008325761221e-09	0.9972521	8.5995125e-05	1.4336441e-05
4.470010207649764e-09	0.9972522	5.3114047e-05	2.5513304e-05
4.480012061367181e-09	0.99725217	5.5901196e-06	3.1407533e-05
4.4900140539798144e-09	0.9972521	-4.348864e-05	2.7117641e-05
4.50001596889156e-09	0.9972521	-8.039423e-05	1.6858317e-05
4.510017862883878e-09	0.99725217	-9.478846e-05	5.5903934e-07
4.520019717029382e-09	0.9972521	-8.313233e-05	-1.3992884e-05
4.530021738847997e-09	0.9972521	-4.9427956e-05	-2.5729782e-05
4.54002362720474e-09	0.9972521	-3.8870494e-06	-2.8556336e-05
4.550025475995985e-09	0.99725217	4.0679988e-05	-2.517417e-05
4.560027349308763e-09	0.9972522	7.2571114e-05	-1.399107e-05
4.5700007088267094e-09	0.9972522	8.4495055e-05	-1.4381716e-06
4.5800025741727515e-09	0.9972522	7.484117e-05	1.2230922e-05
4.590004448443842e-09	0.9972522	4.7359015e-05	2.071459e-05
4.60000640261354e-09	0.9972522	9.555053e-06	2.5353207e-05
4.610008361913598e-09	0.9972521	-2.92773e-05	2.2392942e-05
4.620010258156448e-09	0.99725217	-6.024988e-05	1.576232e-05
4.6300120908603256e-09	0.9972521	-7.635071e-05	3.9980705e-06
4.6400140982053945e-09	0.9972521	-7.390271e-05	-7.2461726e-06
4.65001598675997e-09	0.9972521	-5.3181084e-05	-1.8374967e-05
4.660017860476333e-09	0.9972521	-1.885935e-05	-2.3627996e-05
4.670019722357113e-09	0.9972522	2.085828e-05	-2.4445313e-05
4.680021728727396e-09	0.9972522	5.5738423e-05	-1.7358749e-05
4.690023612521816e-09	0.9972522	7.6333345e-05	-6.9560824e-06
4.700025477305468e-09	0.9972522	7.6586526e-05	6.9886796e-06
4.710027408788734e-09	0.9972522	5.6108216e-05	1.7663504e-05
4.720000720939667e-09	0.9972522	2.0515596e-05	2.490699e-05
4.7300026333450385e-09	0.99725217	-2.0316591e-05	2.3768327e-05
4.740004469230887e-09	0.9972521	-5.4838925e-05	1.7542947e-05
4.7500064527387395e-09	0.9972521	-7.35889e-05	5.2775595e-06
4.760008369277274e-09	0.9972521	-7.204665e-05	-6.5164595e-06
4.7700102483036625e-09	0.9972522	-5.154487e-05	-1.7439463e-05
4.7800121084324936e-09	0.9972521	-1.8620764e-05	-2.1824924e-05
4.790014097429623e-09	0.9972522	1.7473978e-05	-2.178992e-05
4.800015982350659e-09	0.9972522	4.7385292e-05	-1.4917042e-05
4.8100178518929495e-09	0.9972522	6.4221706e-05	-6.1877777e-06
4.820019791848103e-09	0.9972522	6.4708205e-05	4.993068e-06
4.8300217577795646e-09	0.9972522	4.963341e-05	1.31252555e-05
4.840023657513308e-09	0.9972522	2.3051554e-05	1.9353867e-05
4.850025505654249e-09	0.9972521	-8.584892e-06	1.9501062e-05
4.860027469731004e-09	0.9972521	-3.795192e-05	1.6436099e-05
4.870000723734611e-09	0.99725217	-5.8000995e-05	7.955626e-06
4.880002633433496e-09	0.9972521	-6.383883e-05	-1.2182512e-06
4.8900044797565975e-09	0.9972521	-5.3492633e-05	-1.1715927e-05
4.90000645659432e-09	0.9972522	-2.915065e-05	-1.7983959e-05
4.910008356085893e-09	0.99725217	3.2335975e-06	-2.1041693e-05
4.920010246610814e-09	0.9972521	3.507476e-05	-1.7057964e-05
4.930012150078141e-09	0.9972522	5.7651734e-05	-9.775629e-06
4.940014128220623e-09	0.9972521	6.453562e-05	1.6179581e-06
4.9500160108120875e-09	0.9972522	5.382926e-05	1.1106952e-05
4.960017874954873e-09	0.99725217	2.8658167e-05	1.8763229e-05
4.9700198392319064e-09	0.9972522	-3.6236402e-06	1.971737e-05
4.980021757995941e-09	0.9972521	-3.3939734e-05	1.6653814e-05
4.990023659787075e-09	0.9972522	-5.408635e-05	7.918653e-06
5.000025490785155e-09	0.9972521	-5.9255624e-05	-1.1157721e-06
5.010027499680139e-09	0.9972521	-4.8927406e-05	-1.0715073e-05
5.020000733489619e-09	0.9972522	-2.6825363e-05	-1.5722379e-05
5.030002628469538e-09	0.99725217	9.663801e-07	-1.7933808e-05
5.040004516423966e-09	0.9972522	2.72826e-05	-1.4350859e-05
5.05000651396403e-09	0.9972522	4.6017445e-05	-8.853628e-06
5.0600084063455255e-09	0.9972522	5.310587e-05	-1.0121266e-07
5.070010258324909e-09	0.9972522	4.7310077e-05	7.1245104e-06
5.080012206290468e-09	0.9972522	3.0130277e-05	1.3952564e-05
5.090014153402534e-09	0.99725217	5.6504937e-06	1.6064723e-05
5.100016049830062e-09	0.9972522	-2.0379337e-05	1.5624064e-05
5.110017884285769e-09	0.9972521	-4.1512994e-05	9.875369e-06
5.120019872871341e-09	0.9972522	-5.2277734e-05	2.8266743e-06
5.1300217743242565e-09	0.9972521	-4.9491027e-05	-6.4836913e-06
5.1400236790418275e-09	0.9972521	-3.3564644e-05	-1.2876019e-05
5.150025550216968e-09	0.9972521	-8.5011925e-06	-1.720598e-05
5.1600275442011984e-09	0.9972522	1.8866125e-05	-1.550661e-05
5.170000770271092e-09	0.9972522	4.093217e-05	-1.0895359e-05
5.180002643313022e-09	0.9972522	5.165049e-05	-2.0101033e-06
5.190004576985777e-09	0.9972522	4.819903e-05	5.9203226e-06
5.200006533902972e-09	0.9972522	3.188332e-05	1.3302878e-05
5.210008446143157e-09	0.99725217	7.678049e-06	1.5529664e-05
5.2200102417530785e-09	0.9972522	-1.7580944e-05	1.4841625e-05
5.230012247507074e-09	0.9972521	-3.7146532e-05	9.049421e-06
5.240014155808992e-09	0.9972522	-4.6358735e-05	2.5524448e-06
5.2500160717778085e-09	0.9972521	-4.3503846e-05	-5.50905e-06
5.2600179098251326e-09	0.9972521	-3.0067187e-05	-1.0521054e-05
5.270019920788385e-09	0.99725217	-9.818925e-06	-1.40603715e-05
5.2800217949288546e-09	0.99725217	1.21139165e-05	-1.2834651e-05
5.2900236978514495e-09	0.99725217	3.061119e-05	-9.9057415e-06
5.3000256039251145e-09	0.9972522	4.141119e-05	-3.3695492e-06
5.310027585381452e-09	0.9972521	4.2083928e-05	2.6455248e-06
5.3200007867494385e-09	0.9972522	3.2391566e-05	9.353418e-06
5.330002653881968e-09	0.99725217	1.4510922e-05	1.2537028e-05
5.340004602010555e-09	0.99725217	-7.2926414e-06	1.3896455e-05
5.3500065449883695e-09	0.9972522	-2.7457592e-05	1.0355253e-05
5.360008463215903e-09	0.9972521	-4.0632767e-05	5.2980745e-06
5.3700102873903324e-09	0.9972521	-4.3055727e-05	-2.5570446e-06
5.380012283916072e-09	0.9972521	-3.3918688e-05	-8.491971e-06
5.390014195681536e-09	0.99725217	-1.561276e-05	-1.3378061e-05
5.400016074462361e-09	0.99725217	6.712882e-06	-1.3277239e-05
5.41001796027667e-09	0.9972522	2.6849448e-05	-1.0803739e-05
5.420019951943524e-09	0.9972522	3.9242845e-05	-4.202756e-06
5.4300218177004764e-09	0.9972522	4.0800245e-05	2.052381e-06
5.440023697582776e-09	0.9972522	3.15176e-05	8.738998e-06
5.4500256395468e-09	0.99725217	1.4447716e-05	1.1583718e-05
5.460027609119652e-09	0.99725217	-5.5770156e-06	1.2540627e-05
5.47000084610815e-09	0.9972521	-2.3208237e-05	9.071622e-06
5.480002678337965e-09	0.9972521	-3.4355333e-05	4.772745e-06
5.490004662290781e-09	0.9972521	-3.6601134e-05	-1.7103254e-06
5.500006581434879e-09	0.9972521	-2.989951e-05	-6.281561e-06
5.510008472524337e-09	0.9972522	-1.6145901e-05	-1.046161e-05
5.520010317978331e-09	0.99725217	1.2242024e-06	-1.0828945e-05
5.530012332333758e-09	0.9972522	1.8139526e-05	-9.857133e-06
5.540014224927245e-09	0.99725217	3.0541887e-05	-5.235142e-06
5.550016116810475e-09	0.9972522	3.5406327e-05	-5.2466413e-07
5.560017993223954e-09	0.9972522	3.132055e-05	5.6552426e-06
5.570019997297906e-09	0.9972522	1.9139154e-05	9.238166e-06
5.580021881999769e-09	0.9972521	1.7927557e-06	1.1705278e-05
5.590023718332133e-09	0.99725217	-1.6152804e-05	9.832443e-06
5.600025680549779e-09	0.9972522	-2.9873374e-05	6.5160166e-06
5.610027628321818e-09	0.9972522	-3.5502544e-05	1.8215813e-07
5.620000867696502e-09	0.9972521	-3.153586e-05	-4.929726e-06
5.6300027029225695e-09	0.9972521	-1.9088671e-05	-9.853736e-06
5.64000471186614e-09	0.99725217	-1.789383e-06	-1.0774896e-05
5.650006621339216e-09	0.99725217	1.5513371e-05	-9.957512e-06
5.660008519313056e-09	0.9972522	2.8091503e-05	-5.318295e-06
5.670010397898443e-09	0.9972522	3.2844608e-05	-6.773546e-07
5.680012378978697e-09	0.9972522	2.8906074e-05	5.095313e-06
5.69001425835876e-09	0.9972522	1.7818387e-05	8.091293e-06
5.70001609106584e-09	0.9972521	2.7485855e-06	1.0100003e-05
5.710018064272535e-09	0.9972521	-1.2346448e-05	8.356908e-06
5.720019987261603e-09	0.9972522	-2.3886261e-05	5.8641212e-06
5.730021910370843e-09	0.9972521	-2.9261562e-05	8.6805534e-07
5.7400237513464116e-09	0.99725217	-2.7455082e-05	-3.016234e-06
5.750025763362772e-09	0.9972522	-1.8985354e-05	-7.330358e-06
5.760027655351251e-09	0.9972522	-5.936524e-06	-8.6579375e-06
5.770000885592597e-09	0.99725217	8.579784e-06	-9.07769e-06
5.780002775384075e-09	0.9972522	2.1052701e-05	-6.021217e-06
5.790004757740624e-09	0.9972522	2.8274793e-05	-2.576956e-06
5.80000663849851e-09	0.9972522	2.820452e-05	2.8045276e-06
5.810008486168963e-09	0.9972522	2.0720665e-05	6.326365e-06
5.820010434284504e-09	0.99725217	7.660221e-06	9.378352e-06
5.830012398405433e-09	0.99725217	-7.445504e-06	8.714013e-06
5.840014306760584e-09	0.9972521	-2.048267e-05	6.8513145e-06
5.850016133944788e-09	0.99725217	-2.7815153e-05	1.963981e-06
5.860018134336056e-09	0.99725217	-2.7537957e-05	-2.2025622e-06
5.8700200445329635e-09	0.9972521	-1.9871122e-05	-6.81669e-06
5.8800219057308586e-09	0.99725217	-7.1904738e-06	-8.29111e-06
5.8900237946460986e-09	0.9972522	6.9316675e-06	-8.657234e-06
5.900025785409597e-09	0.99725217	1.8658786e-05	-5.6093986e-06
5.910027654319464e-09	0.9972522	2.5127245e-05	-2.4193698e-06
5.920000878949392e-09	0.9972522	2.4970976e-05	2.3426796e-06
5.930002841820337e-09	0.9972522	1.8643976e-05	5.1639026e-06
5.9400047981333375e-09	0.9972521	7.966627e-06	7.7469485e-06
5.9500066919862924e-09	0.99725217	-4.2811853e-06	7.2297694e-06
5.9600085211436376e-09	0.9972521	-1.51904105e-05	6.151402e-06
5.970010495305537e-09	0.9972521	-2.2199385e-05	2.468442e-06
5.980012395448288e-09	0.9972521	-2.3734574e-05	-6.2517375e-07
5.99001430052313e-09	0.9972521	-1.9382676e-05	-4.7333974e-06
6.000016161222483e-09	0.99725217	-1.0179923e-05	-6.541579e-06
6.0100181461341265e-09	0.99725217	1.7023553e-06	-7.876142e-06
6.0200200352128405e-09	0.9972522	1.3235181e-05	-6.0349407e-06
6.03002191702885e-09	0.99725217	2.1424303e-05	-3.730519e-06
6.040023841456983e-09	0.9972522	2.3969038e-05	7.4961326e-07
6.05002582080777e-09	0.9972522	2.0134137e-05	3.915338e-06
6.060027684697444e-09	0.9972522	1.087759e-05	7.154888e-06
6.070000900005874e-09	0.99725217	-1.1642186e-06	7.2899256e-06
6.080002854262385e-09	0.9972522	-1.274902e-05	6.565875e-06
6.09000480610788e-09	0.9972522	-2.063877e-05	2.9610178e-06
6.1000066885215005e-09	0.9972522	-2.2820821e-05	-2.1536583e-07
6.110008548247926e-09	0.9972522	-1.889294e-05	-4.319309e-06
6.120010520462041e-09	0.9972521	-1.0209233e-05	-6.008458e-06
6.130012431235671e-09	0.9972521	7.5730316e-07	-7.1682266e-06
6.1400143249714316e-09	0.9972521	1.104082e-05	-5.3588738e-06
6.15001620958071e-09	0.99725217	1.8148916e-05	-3.404341e-06
6.160018205424717e-09	0.9972522	2.0475527e-05	3.9340188e-07
6.170020093425947e-09	0.9972521	1.773073e-05	2.8424772e-06
6.180021941236099e-09	0.99725217	1.0732862e-05	5.639094e-06
6.1900238809300885e-09	0.99725217	1.2924273e-06	5.914346e-06
6.2000258164347305e-09	0.9972521	-8.358861e-06	5.8767328e-06
6.210027742796931e-09	0.9972522	-1.5875823e-05	3.2921484e-06
6.220000915019361e-09	0.9972521	-1.945592e-05	1.006673e-06
6.230002934333415e-09	0.99725217	-1.8136388e-05	-2.68488e-06
6.24000483006774e-09	0.9972521	-1.2168648e-05	-4.623964e-06
6.250006709360537e-09	0.99725217	-2.9683777e-06	-6.499315e-06
6.2600085771361e-09	0.99725217	7.058773e-06	-5.5636515e-06
6.2700105791188595e-09	0.9972522	1.5260086e-05	-4.2313804e-06
6.280012473220083e-09	0.9972522	1.9346091e-05	-6.492701e-07
6.2900143252164025e-09	0.99725217	1.8221348e-05	2.0015755e-06
6.3000162286662e-09	0.99725217	1.2192087e-05	5.161615e-06
6.3100182122115854e-09	0.99725217	3.0311255e-06	5.7767697e-06
6.3200200966030185e-09	0.99725217	-6.7176065e-06	5.892918e-06
6.330021949436281e-09	0.99725217	-1.4360962e-05	3.363547e-06
6.340023937468338e-09	0.9972522	-1.7984597e-05	1.118537e-06
6.350025877952279e-09	0.9972522	-1.679451e-05	-2.3763034e-06
6.360027772536177e-09	0.99725217	-1.1387672e-05	-4.0370605e-06
6.370000975180566e-09	0.9972522	-3.3476463e-06	-5.6644944e-06
6.3800029545917706e-09	0.99725217	5.2058554e-06	-4.7640206e-06
6.390004849694715e-09	0.9972522	1.2187197e-05	-3.8055164e-06
6.400006707607704e-09	0.9972522	1.5962225e-05	-8.9680924e-07
6.410008628205415e-09	0.99725217	1.5776306e-05	1.0827575e-06
6.420010600636566e-09	0.9972522	1.1727796e-05	3.842002e-06
6.430012502377608e-09	0.99725217	4.8538445e-06	4.5739935e-06
6.4400143658673165e-09	0.9972521	-3.2225373e-06	5.261691e-06
6.4500163263219385e-09	0.9972521	-1.0492313e-05	3.5603741e-06
6.460018247654653e-09	0.99725217	-1.5146913e-05	2.0094449e-06
6.47002016303057e-09	0.9972522	-1.5899559e-05	-1.1603079e-06
6.480022008515325e-09	0.99725217	-1.2509495e-05	-2.99326e-06
6.4900240103915755e-09	0.99725217	-5.774977e-06	-5.1136017e-06
6.5000258966914946e-09	0.9972522	2.4836595e-06	-4.801604e-06
6.5100277848392135e-09	0.99725217	1.0054508e-05	-4.2457978e-06
6.520000999725489e-09	0.9972522	1.4817184e-05	-1.4970503e-06
6.530003012285025e-09	0.99725217	1.5559963e-05	5.6998107e-07
6.540004881822005e-09	0.9972522	1.2115876e-05	3.47253e-06
6.5500067661837395e-09	0.99725217	5.576168e-06	4.318615e-06
6.560008687801028e-09	0.99725217	-2.2214713e-06	5.0217236e-06
6.570010651133463e-09	0.9972521	-9.128762e-06	3.3572687e-06
6.580012568438448e-09	0.9972522	-1.3430572e-05	1.9331426e-06
6.590014408599244e-09	0.99725217	-1.4135655e-05	-9.3608406e-07
6.600016374109065e-09	0.9972521	-1.1295035e-05	-2.4156607e-06
6.6100182927926514e-09	0.99725217	-5.7485836e-06	-4.265726e-06
6.620020176601619e-09	0.99725217	1.0111556e-06	-3.985317e-06
6.630022052032094e-09	0.99725217	7.363164e-06	-3.7849602e-06
6.640024021722019e-09	0.99725217	1.1777421e-05	-1.6434605e-06
6.650025927511939e-09	0.9972522	1.3269012e-05	-1.6535792e-07
6.660027819915133e-09	0.9972521	1.145257e-05	2.3907098e-06
6.670001074400416e-09	0.9972522	6.8065397e-06	3.320044e-06
6.680003048866182e-09	0.99725217	3.916503e-07	4.46744e-06
6.690004938913315e-09	0.99725217	-6.147832e-06	3.4391235e-06
6.700006792157489e-09	0.9972521	-1.1140205e-05	2.5353077e-06
6.71000874551708e-09	0.9972522	-1.3204279e-05	-8.500336e-08
6.720010679511042e-09	0.99725217	-1.1776206e-05	-1.6687385e-06
6.730012577069965e-09	0.9972521	-7.1875124e-06	-3.825714e-06
6.740014432774004e-09	0.99725217	-7.282819e-07	-3.912724e-06
6.750016414960251e-09	0.9972521	5.8500555e-06	-3.9514953e-06
6.760018300951212e-09	0.99725217	1.0713145e-05	-1.915266e-06
6.7700201719707924e-09	0.99725217	1.2620508e-05	-4.265709e-07
6.7800220946662755e-09	0.99725217	1.1126253e-05	2.1223564e-06
6.7900240618008474e-09	0.9972521	6.8023214e-06	3.0170686e-06
6.800025965623341e-09	0.99725217	8.744858e-07	4.0862774e-06
6.810027818996306e-09	0.9972521	-5.0176322e-06	3.0753613e-06
6.820001137912935e-09	0.9972521	-9.4201005e-06	2.3357518e-06
6.830003049018223e-09	0.9972522	-1.1311142e-05	5.8062188e-08
6.840004954919222e-09	0.99725217	-1.0363887e-05	-1.1516777e-06
6.8500068104617095e-09	0.9972521	-6.888875e-06	-3.040371e-06
6.860008817861107e-09	0.99725217	-1.8199626e-06	-3.1511927e-06
6.870010679131926e-09	0.99725217	3.6337676e-06	-3.5003416e-06
6.880012591228889e-09	0.9972522	8.128022e-06	-1.9879947e-06
6.890014462580498e-09	0.99725217	1.060152e-05	-9.895973e-07
6.900016466685105e-09	0.9972521	1.0390394e-05	1.2730774e-06
6.910018348950623e-09	0.9972522	7.5401713e-06	2.2274785e-06
6.92002021129464e-09	0.99725217	2.704826e-06	3.6198496e-06
6.930022139679173e-09	0.99725217	-2.841765e-06	3.0711635e-06
6.9400241036637945e-09	0.9972522	-7.665013e-06	2.6968796e-06
6.950026003948999e-09	0.99725217	-1.0418467e-05	6.035096e-07
6.960027849119516e-09	0.9972521	-1.038427e-05	-6.5603143e-07
6.9700011762416706e-09	0.99725217	-7.563716e-06	-2.7036726e-06
6.980003065758604e-09	0.9972521	-2.7830345e-06	-3.0115782e-06
6.9900049676395885e-09	0.99725217	2.6410319e-06	-3.4758064e-06
7.000006841901977e-09	0.99725217	7.1962295e-06	-2.0313023e-06
7.010008847765128e-09	0.9972522	9.73065e-06	-1.0712077e-06
7.020010724238694e-09	0.9972521	9.638151e-06	1.0897163e-06
7.030012609630283e-09	0.99725217	7.0989286e-06	1.9146346e-06
7.0400145215378874e-09	0.99725217	2.8497636e-06	3.1801078e-06
7.050016481014159e-09	0.99725217	-1.9326806e-06	2.6397508e-06
7.060018365769927e-09	0.9972521	-6.084351e-06	2.4349326e-06
7.070020216257816e-09	0.99725217	-8.5957345e-06	6.817508e-07
7.080022190916457e-09	0.9972521	-8.9541245e-06	-2.2302613e-07
7.0900241019526305e-09	0.9972522	-7.091451e-06	-2.0265052e-06
7.100026010977752e-09	0.99725217	-3.5182456e-06	-2.346119e-06
7.1100278861343e-09	0.9972522	9.261754e-07	-3.0609183e-06
7.1200012160218455e-09	0.99725217	5.108899e-06	-2.0416567e-06
7.1300030941783485e-09	0.99725217	8.0334075e-06	-1.4700358e-06
7.140004976262698e-09	0.9972521	8.889263e-06	4.591203e-07
7.150006891101216e-09	0.9972522	7.4495756e-06	1.3165976e-06
7.160008853140589e-09	0.9972521	4.0328227e-06	2.800215e-06
7.1700107201090824e-09	0.99725217	-4.359443e-07	2.5765687e-06
7.18001256725124e-09	0.9972521	-4.780573e-06	2.6186435e-06
7.190014543153523e-09	0.9972521	-7.787197e-06	9.985733e-07
7.200016500272274e-09	0.99725217	-8.680138e-06	8.257253e-08
7.210018413227247e-09	0.9972521	-7.2252546e-06	-1.780279e-06
7.220020246726007e-09	0.99725217	-3.9114657e-06	-2.174028e-06
7.230022252156323e-09	0.99725217	3.4432298e-07	-2.9157384e-06
7.24002413213534e-09	0.9972522	4.346815e-06	-1.9330923e-06
7.250026017294967e-09	0.9972522	7.0977985e-06	-1.4260565e-06
7.260027898761608e-09	0.99725217	7.92308e-06	3.502293e-07
7.2700012272755895e-09	0.99725217	6.749811e-06	1.0281753e-06
7.280003101357891e-09	0.9972522	3.9240085e-06	2.3603302e-06
7.290004956712923e-09	0.99725217	2.354611e-07	2.1342814e-06
7.300006903673695e-09	0.99725217	-3.42572e-06	2.3326536e-06
7.3100088766059485e-09	0.9972521	-6.155116e-06	1.0222832e-06
7.320010802231837e-09	0.99725217	-7.342352e-06	4.2222635e-07
7.3300126407091214e-09	0.99725217	-6.6843195e-06	-1.2210528e-06
7.340014628948798e-09	0.9972522	-4.370124e-06	-1.6182324e-06
7.350016521061443e-09	0.99725217	-9.302571e-07	-2.5539584e-06
7.360018419326224e-09	0.9972521	2.7430347e-06	-1.899479e-06
7.3700202740491735e-09	0.99725217	5.7365905e-06	-1.6869693e-06
7.380022252478216e-09	0.99725217	7.2194475e-06	-8.9088e-08
7.3900241367004335e-09	0.9972521	6.812299e-06	6.043024e-07
7.400026002056303e-09	0.99725217	4.5794945e-06	2.067111e-06
7.410027938017686e-09	0.99725217	1.1617408e-06	2.0374098e-06
7.420001267640548e-09	0.9972521	-2.5245315e-06	2.3826299e-06
7.430003152392808e-09	0.9972521	-5.4635525e-06	1.1625782e-06
7.440004994918337e-09	0.99725217	-6.8951085e-06	5.771713e-07
7.4500069873224855e-09	0.99725217	-6.454804e-06	-1.0533105e-06
7.4600089211648e-09	0.99725217	-4.356296e-06	-1.4398914e-06
7.470010806653525e-09	0.99725217	-1.1924342e-06	-2.3424752e-06
7.480012639604723e-09	0.99725217	2.143826e-06	-1.7041398e-06
7.490014634765373e-09	0.9972522	4.82714e-06	-1.5675593e-06
7.500016537847296e-09	0.99725217	6.193129e-06	-1.4344553e-07
7.51001839062279e-09	0.99725217	5.994242e-06	3.583987e-07
7.520020300299979e-09	0.9972521	4.3066575e-06	1.6631642e-06
7.530022273075723e-09	0.99725217	1.616393e-06	1.6219418e-06
7.540024189106102e-09	0.9972521	-1.4417461e-06	2.099111e-06
7.550026046677496e-09	0.99725217	-4.0916693e-06	1.143138e-06
7.560028020042239e-09	0.99725217	-5.722184e-06	8.2212784e-07
7.570001297260068e-09	0.99725217	-5.893121e-06	-6.193133e-07
7.580003183370685e-09	0.9972522	-4.5781485e-06	-9.999955e-07
7.590004997819814e-09	0.9972521	-2.0640098e-06	-2.0405466e-06
7.600006992833867e-09	0.99725217	9.823714e-07	-1.6419326e-06
7.610008888992052e-09	0.99725217	3.7870675e-06	-1.7154359e-06
7.620010784882622e-09	0.9972521	5.5678247e-06	-4.256614e-07
7.630012687665167e-09	0.99725217	5.8706537e-06	7.2642926e-08
7.640014676644647e-09	0.9972521	4.5919937e-06	1.4431448e-06
7.650016575700957e-09	0.99725217	2.1269777e-06	1.5105492e-06
7.660018423998956e-09	0.99725217	-8.6293835e-07	2.0608115e-06
7.67002036617183e-09	0.9972521	-3.5292148e-06	1.1621365e-06
7.680022310598987e-09	0.99725217	-5.2030837e-06	8.700663e-07
7.690024193941674e-09	0.9972521	-5.4539237e-06	-5.161335e-07
7.700026038694875e-09	0.9972521	-4.3096697e-06	-8.3537145e-07
7.710028037863976e-09	0.99725217	-2.0965176e-06	-1.8063768e-06
7.720001284502307e-09	0.99725217	5.406619e-07	-1.4077928e-06
7.730003179553557e-09	0.99725217	2.9734774e-06	-1.5561627e-06
7.740005068194361e-09	0.9972522	4.5862303e-06	-4.3910006e-07
7.75000707084398e-09	0.99725217	5.0443728e-06	-1.2742602e-07
7.76000895172347e-09	0.99725217	4.23622e-06	1.0929696e-06
7.770010810107756e-09	0.9972521	2.4069964e-06	1.1441482e-06
7.780012709547932e-09	0.99725217	-1.9159177e-08	1.8010935e-06
7.790014699048137e-09	0.99725217	-2.416578e-06	1.1199133e-06
7.800016574032318e-09	0.9972522	-4.2151933e-06	1.040735e-06
7.810018446304697e-09	0.99725217	-4.918001e-06	-1.9513863e-07
7.82002041656922e-09	0.9972522	-4.359803e-06	-5.026294e-07
7.83002237229903e-09	0.99725217	-2.6419532e-06	-1.5634694e-06
7.840024250371688e-09	0.99725217	-2.4509566e-07	-1.3298339e-06
7.850026099566563e-09	0.9972521	2.2197023e-06	-1.6176082e-06
7.86002808215115e-09	0.99725217	4.0551577e-06	-5.96057e-07
7.870001316095844e-09	0.9972521	4.800261e-06	-3.0037359e-07
7.880003188683992e-09	0.99725217	4.249282e-06	9.367035e-07
7.890005090287814e-09	0.99725217	2.6016953e-06	1.0308821e-06
7.900007073546026e-09	0.99725217	3.0717055e-07	1.7083418e-06
7.910008960335833e-09	0.99725217	-1.9799093e-06	1.0596027e-06
7.920010838641497e-09	0.9972521	-3.6886156e-06	1.0159315e-06
7.930012798620398e-09	0.9972522	-4.3808654e-06	-1.374878e-07
7.940014740905167e-09	0.99725217	-3.954135e-06	-3.5648648e-07
7.950016619979314e-09	0.9972522	-2.5378952e-06	-1.3316866e-06
7.960018480656336e-09	0.99725217	-5.488879e-07	-1.0893734e-06
7.97002045919678e-09	0.9972522	1.5363192e-06	-1.4438812e-06
7.980022330035022e-09	0.99725217	3.18227e-06	-5.80345e-07
7.990024226821897e-09	0.99725217	4.031883e-06	-4.4895327e-07
8.000026135258376e-09	0.9972522	3.856254e-06	6.537739e-07
8.010028107474845e-09	0.99725217	2.7326473e-06	7.2797695e-07
8.020001342699403e-09	0.9972521	9.123833e-07	1.482749e-06
8.03000321569469e-09	0.9972522	-1.1318209e-06	1.0014833e-06
8.040005187195847e-09	0.99725217	-2.8994816e-06	1.1194699e-06
8.050007141115014e-09	0.9972522	-3.897499e-06	8.4809066e-08
8.060009018650983e-09	0.99725217	-3.8834132e-06	-1.183115e-07
8.070010840848145e-09	0.9972521	-2.827065e-06	-1.1437819e-06
8.08001283830777e-09	0.99725217	-1.0415855e-06	-1.0060518e-06
8.090014730455367e-09	0.99725217	1.0113641e-06	-1.4460314e-06
8.10001661287245e-09	0.9972521	2.7463711e-06	-6.492459e-07
8.11001847901935e-09	0.9972522	3.7311597e-06	-5.3744446e-07
8.120020481228639e-09	0.99725217	3.6949457e-06	5.5002096e-07
8.130022361266654e-09	0.9972521	2.7094918e-06	6.226667e-07
8.140024249680423e-09	0.99725217	1.0430964e-06	1.3627123e-06
8.150026191579492e-09	0.9972521	-8.155769e-07	8.941124e-07
8.160028160497966e-09	0.99725217	-2.4165304e-06	1.0478069e-06
8.170001399199475e-09	0.9972521	-3.3383776e-06	1.04589745e-07
8.180003239002943e-09	0.9972521	-3.4133138e-06	-2.8200353e-10
8.190005204650761e-09	0.99725217	-2.6273078e-06	-9.3398444e-07
8.200007128222977e-09	0.9972522	-1.2220886e-06	-7.80495e-07
8.210009016420839e-09	0.99725217	4.712938e-07	-1.2747349e-06
8.220010854824489e-09	0.99725217	2.0123828e-06	-6.128231e-07
8.230012864938908e-09	0.9972522	3.0527967e-06	-6.4258205e-07
8.240014755823557e-09	0.99725217	3.3086776e-06	3.28951e-07
8.250016651438509e-09	0.99725217	2.7373376e-06	3.8059906e-07
8.260018561149183e-09	0.99725217	1.4485976e-06	1.173571e-06
8.270020533960549e-09	0.99725217	-2.0128321e-07	8.2858907e-07
8.280022413679004e-09	0.99725217	-1.8120589e-06	1.0991097e-06
8.29002426548301e-09	0.99725217	-2.9243074e-06	2.4484862e-07
8.300026225385266e-09	0.99725217	-3.268164e-06	1.5700763e-07
8.310028174983726e-09	0.9972522	-2.7236897e-06	-7.9679995e-07
8.320001413466727e-09	0.99725217	-1.4820703e-06	-7.002958e-07
8.330003246440984e-09	0.9972522	1.4253928e-07	-1.2374686e-06
8.3400052453836e-09	0.99725217	1.6775845e-06	-6.1756356e-07
8.350007131727774e-09	0.99725217	2.7426554e-06	-6.6768155e-07
8.360009019396502e-09	0.99725217	3.049534e-06	2.6825322e-07
8.370010914785064e-09	0.99725217	2.5761017e-06	2.9089924e-07
8.380012918093172e-09	0.9972522	1.4510773e-06	1.0464423e-06
8.390014813992887e-09	0.99725217	1.2303885e-08	7.018632e-07
8.400016658354252e-09	0.9972521	-1.395435e-06	1.0038663e-06
8.410018596334349e-09	0.9972521	-2.3997184e-06	2.384998e-07
8.420020536118661e-09	0.99725217	-2.797128e-06	2.4642688e-07
8.430022470533834e-09	0.9972521	-2.4776573e-06	-6.1884157e-07
8.440024283684257e-09	0.99725217	-1.5623166e-06	-5.039009e-07
8.450026272954456e-09	0.99725217	-2.526998e-07	-1.0807966e-06
8.46002818112505e-09	0.9972521	1.0981322e-06	-5.6959107e-07
8.470001438620366e-09	0.99725217	2.178929e-06	-7.3250715e-07
8.480003299162159e-09	0.9972521	2.6932958e-06	1.0848723e-07
8.49000530566256e-09	0.99725217	2.5251704e-06	1.10006404e-07
8.500007187719384e-09	0.99725217	1.687911e-06	8.96303e-07
8.510009066801051e-09	0.9972522	4.2206875e-07	6.3657865e-07
8.520010958316666e-09	0.99725217	-9.612671e-07	1.0161534e-06
8.530012936815579e-09	0.9972521	-2.0637387e-06	3.1662535e-07
8.540014832882384e-09	0.9972522	-2.6163234e-06	3.4171168e-07
8.550016679576263e-09	0.99725217	-2.4499689e-06	-5.2284355e-07
8.560018656574837e-09	0.99725217	-1.6548042e-06	-4.3229662e-07
8.570020571800869e-09	0.99725217	-4.317621e-07	-1.0216922e-06
8.58002248979704e-09	0.99725217	8.517511e-07	-5.344627e-07
8.590024332395237e-09	0.9972521	1.8885819e-06	-7.1568405e-07
8.600026323522556e-09	0.99725217	2.39368e-06	8.003473e-08
8.610028227892141e-09	0.9972521	2.2899635e-06	3.7915612e-08
8.620001448575603e-09	0.99725217	1.6041745e-06	7.7452614e-07
8.630003335410106e-09	0.9972522	5.50941e-07	5.071588e-07
8.640005331849582e-09	0.99725217	-6.209234e-07	9.123354e-07
8.650007219891198e-09	0.99725217	-1.6013762e-06	2.9337298e-07
8.660009063762118e-09	0.9972522	-2.1790806e-06	4.0520163e-07
8.670011002068257e-09	0.99725217	-2.1929372e-06	-3.788408e-07
8.680012935069108e-09	0.99725217	-1.668312e-06	-2.6827237e-07
8.690014847092964e-09	0.99725217	-7.11976e-07	-8.8520164e-07
8.700016686102425e-09	0.9972521	4.0969093e-07	-4.831171e-07
8.710018705248856e-09	0.9972521	1.4392588e-06	-7.4995864e-07
8.720020595374478e-09	0.9972521	2.0810362e-06	-2.9726698e-08
8.730022483492043e-09	0.99725217	2.1907872e-06	-9.141784e-08
8.740024379019181e-09	0.9972521	1.7123178e-06	6.5930874e-07
8.750026352020552e-09	0.9972521	7.9946057e-07	4.4560363e-07
8.760028236389215e-09	0.99725217	-3.274369e-07	8.972495e-07
8.770001427742103e-09	0.99725217	-1.332524e-06	3.244146e-07
8.780003373825254e-09	0.99725217	-1.9811548e-06	4.5321926e-07
8.790005335405014e-09	0.9972522	-2.081203e-06	-3.1525622e-07
8.800007243067051e-09	0.99725217	-1.6454977e-06	-2.0568137e-07
8.810009088419556e-09	0.9972522	-7.848741e-07	-8.147685e-07
8.820011061662343e-09	0.99725217	2.3558243e-07	-4.2456696e-07
8.830012978978276e-09	0.99725217	1.1750476e-06	-7.087188e-07
8.840014866617131e-09	0.99725217	1.7753047e-06	-3.7579667e-08
8.850016754195463e-09	0.99725217	1.9262916e-06	-1.4812952e-07
8.860018729881781e-09	0.9972522	1.581163e-06	5.504716e-07
8.87002062564447e-09	0.9972522	8.6496124e-07	3.2551404e-07
8.880022504295764e-09	0.9972521	-6.3955554e-08	7.966914e-07
8.890024407238036e-09	0.9972522	-9.5067514e-07	2.9154484e-07
8.900026374740288e-09	0.9972522	-1.6046218e-06	4.928879e-07
8.910028266754618e-09	0.9972521	-1.83475e-06	-2.06212e-07
8.920001469171336e-09	0.9972521	-1.6112951e-06	-7.6997836e-08
8.93000343327232e-09	0.99725217	-9.62596e-07	-7.022673e-07
8.940005348389117e-09	0.99725217	-7.7575145e-08	-3.7415896e-07
8.950007248082477e-09	0.99725217	8.37377e-07	-7.193482e-07
8.960009113593567e-09	0.99725217	1.5158803e-06	-1.0498159e-07
8.970011112883651e-09	0.9972521	1.8027145e-06	-2.3276992e-07
8.980012993500787e-09	0.9972521	1.5997515e-06	4.66102e-07
8.990014894355738e-09	0.9972521	9.911737e-07	2.7076592e-07
9.000016782910798e-09	0.99725217	1.2005862e-07	7.6520115e-07
9.010018755237651e-09	0.99725217	-7.4960803e-07	2.8958752e-07
9.02002064217847e-09	0.9972521	-1.4117902e-06	5.0520316e-07
9.030022501803324e-09	0.99725217	-1.6751028e-06	-1.6875502e-07
9.040024464283997e-09	0.9972522	-1.5124034e-06	-2.5764281e-08
9.050026399484825e-09	0.9972522	-9.547966e-07	-6.297468e-07
9.060028300899353e-09	0.99725217	-1.873565e-07	-3.0447157e-07
9.070001474603378e-09	0.99725217	6.135259e-07	-6.6355665e-07
9.080003474334915e-09	0.99725217	1.2291448e-06	-9.698321e-08
9.09000537332343e-09	0.99725217	1.5344783e-06	-2.7295198e-07
9.100007254596929e-09	0.99725217	1.4424248e-06	3.7408114e-07
9.110009154047336e-09	0.99725217	1.004653e-06	1.6508632e-07
9.120011133714608e-09	0.99725217	3.095574e-07	6.723489e-07
9.130013034289476e-09	0.99725217	-4.4576464e-07	2.5285587e-07
9.140014898640463e-09	0.9972521	-1.0962307e-06	5.264648e-07
9.150016819793226e-09	0.9972522	-1.4522547e-06	-8.964839e-08
9.160018769838088e-09	0.99725217	-1.4447756e-06	7.039815e-08
9.170020676144972e-09	0.9972521	-1.0493223e-06	-5.402229e-07
9.180022523135538e-09	0.9972522	-3.949206e-07	-2.573807e-07
9.190024485112371e-09	0.99725217	3.7283425e-07	-6.5626637e-07
9.200026418720053e-09	0.99725217	1.0209343e-06	-1.3166182e-07
9.210028327155723e-09	0.99725217	1.403898e-06	-3.2178164e-07
9.22000154911225e-09	0.9972522	1.3986219e-06	3.1606672e-07
9.230003527813723e-09	0.99725217	1.0386052e-06	1.1895996e-07
9.24000541543249e-09	0.99725217	4.0560164e-07	6.3131085e-07
9.250007272017963e-09	0.99725217	-3.0260543e-07	2.2968749e-07
9.260009191196258e-09	0.99725217	-9.2185104e-07	5.146846e-07
9.270011164175393e-09	0.9972521	-1.2745119e-06	-7.296524e-08
9.280013050496063e-09	0.99725217	-1.3039635e-06	1.0982793e-07
9.290014886532731e-09	0.9972521	-9.925292e-07	-4.7219552e-07
9.300016879320833e-09	0.99725217	-4.5379343e-07	-1.86539e-07
9.310018818877643e-09	0.99725217	1.9746503e-07	-5.954053e-07
9.32002073234534e-09	0.9972522	7.71192e-07	-1.1396705e-07
9.330022577951215e-09	0.99725217	1.156751e-06	-3.4855165e-07
9.340024567107172e-09	0.99725217	1.2364665e-06	2.4286342e-07
9.350026445130099e-09	0.9972522	1.0181246e-06	3.2267394e-08
9.360028309304706e-09	0.99725217	5.29287e-07	5.5183915e-07
9.370001566325756e-09	0.9972522	-7.674856e-08	1.9327068e-07
9.380003525027747e-09	0.99725217	-6.7481784e-07	5.2125677e-07
9.39000543943224e-09	0.99725217	-1.0833978e-06	-2.080878e-08
9.400007278773467e-09	0.9972521	-1.2192752e-06	1.7686776e-07
9.410009256696292e-09	0.99725217	-1.023869e-06	-4.040691e-07
9.420011188404764e-09	0.9972522	-5.728416e-07	-1.450417e-07
9.430013104211995e-09	0.99725217	3.5705913e-08	-5.7686975e-07
9.440014936477605e-09	0.99725217	6.12123e-07	-1.2474023e-07
9.450016942856296e-09	0.99725217	1.0294503e-06	-3.706136e-07
9.460018821145983e-09	0.99725217	1.1539395e-06	2.0673053e-07
9.470020702142806e-09	0.9972521	9.879584e-07	-3.921923e-09
9.480022601974806e-09	0.9972521	5.580845e-07	5.0846387e-07
9.49002457867673e-09	0.99725217	1.2349385e-08	1.5790465e-07
9.500026473738848e-09	0.9972521	-5.3083585e-07	4.934981e-07
9.510028313478315e-09	0.99725217	-9.09695e-07	-2.0259673e-08
9.520001609337596e-09	0.9972522	-1.0619636e-06	2.028622e-07
9.530003566322418e-09	0.99725217	-9.336867e-07	-3.459747e-07
9.540005455646582e-09	0.99725217	-5.8778824e-07	-7.951392e-08
9.55000730630041e-09	0.9972521	-9.0764374e-08	-5.166821e-07
9.560009330787815e-09	0.99725217	4.1089288e-07	-1.0063322e-07
9.570011189630273e-09	0.9972521	8.1507267e-07	-3.834299e-07
9.580013074600924e-09	0.9972521	9.998718e-07	1.5197485e-07
9.590014958479605e-09	0.99725217	9.4231837e-07	-7.210282e-08
9.600016970056057e-09	0.9972521	6.3116653e-07	4.4195804e-07
9.610018849821195e-09	0.99725217	1.7099747e-07	1.2323376e-07
9.62002071186186e-09	0.9972522	-3.4370873e-07	4.892874e-07
9.630022639127934e-09	0.9972521	-7.5160625e-07	1.0961703e-08
9.64002461565592e-09	0.99725217	-9.715026e-07	2.459848e-07
9.650026510616566e-09	0.99725217	-9.209638e-07	-2.963918e-07
9.660028349351682e-09	0.9972521	-6.417585e-07	-4.5174477e-08
9.670001674482251e-09	0.9972522	-1.8774516e-07	-4.9245125e-07
9.680003584474903e-09	0.99725217	2.9636817e-07	-9.598192e-08
9.69000549426702e-09	0.99725217	7.003337e-07	-3.8659263e-07
9.700007340568153e-09	0.9972522	9.023032e-07	1.3192093e-07
9.710009344974846e-09	0.99725217	8.768234e-07	-9.899879e-08
9.720011220002292e-09	0.99725217	6.166825e-07	4.0081522e-07
9.730013098008418e-09	0.9972521	2.1994569e-07	8.431408e-08
9.740015006300257e-09	0.99725217	-2.3174718e-07	4.5443167e-07
9.750016999416437e-09	0.99725217	-5.993812e-07	2.1258089e-09
9.760018876990979e-09	0.99725217	-8.1938185e-07	2.607458e-07
9.770020734218772e-09	0.9972521	-8.1798464e-07	-2.5075158e-07
9.780022690642355e-09	0.9972521	-6.259379e-07	9.959287e-09
9.790024630190241e-09	0.99725217	-2.665488e-07	-4.3787279e-07
9.800026538703834e-09	0.9972522	1.4391375e-07	-6.954723e-08
9.810028364818844e-09	0.99725217	5.2957705e-07	-3.88238e-07
9.820001707066162e-09	0.99725217	7.6557086e-07	9.537614e-08
9.830003612053266e-09	0.99725217	8.1568123e-07	-1.477801e-07
9.840005514847813e-09	0.9972521	6.442989e-07	3.488353e-07
9.850007407532616e-09	0.99725217	3.1699093e-07	5.3421598e-08
9.860009366421377e-09	0.99725217	-1.0148525e-07	4.429238e-07
9.870011248100358e-09	0.99725217	-4.775784e-07	1.6935823e-08
9.880013110329376e-09	0.9972522	-7.3444716e-07	2.8452357e-07
9.890015065246848e-09	0.99725217	-7.812986e-07	-2.1800943e-07
9.900017011563646e-09	0.9972522	-6.327628e-07	3.5587306e-08
9.910018924253068e-09	0.9972521	-3.1030245e-07	-4.1282766e-07
9.920020760953216e-09	0.99725217	7.232751e-08	-5.5784504e-08
9.930022746117724e-09	0.99725217	4.3898137e-07	-3.784849e-07
9.940024645818095e-09	0.99725217	6.6991333e-07	8.8940624e-08
9.950026534247244e-09	0.99725217	7.353515e-07	-1.6418895e-07
9.960028410247598e-09	0.9972522	6.014647e-07	3.14352e-07
9.970001760773641e-09	0.99725217	3.3426375e-07	1.6977028e-08
9.980003617355793e-09	0.9972521	-2.0679627e-08	4.075197e-07
9.990005498869549e-09	0.99725217	-3.516124e-07	3.669334e-09
1e-08	0.99725217	-5.9814136e-07	2.921505e-07
