2.000000000000058549e+02 9.997552181083999567e-01
1.980000000000297007e+02 9.997545672041000531e-01
1.960000000000534897e+02 9.997538857250000133e-01
1.939999999999516547e+02 9.997532459926999904e-01
1.919999999999754721e+02 9.997525694068000179e-01
1.899999999999993179e+02 9.997518673854000060e-01
1.880000000000231068e+02 9.997511898052999779e-01
1.860000000000469242e+02 9.997505701829000335e-01
1.839999999999450893e+02 9.997498704941000236e-01
1.819999999999688782e+02 9.997491929196999916e-01
1.799999999999926956e+02 9.997485003870000275e-01
1.780000000000165414e+02 9.997478059490000346e-01
1.760000000000403304e+02 9.997470728727999578e-01
1.739999999999384954e+02 9.997463717085000035e-01
1.719999999999623128e+02 9.997456578800000271e-01
1.699999999999861586e+02 9.997449469174000125e-01
1.680000000000099476e+02 9.997441941404999755e-01
1.660000000000337650e+02 9.997434874509000258e-01
1.640000000000575824e+02 9.997427624304999760e-01
1.619999999999557474e+02 9.997420302117999702e-01
1.599999999999795364e+02 9.997412698394999575e-01
1.580000000000033822e+02 9.997405599984999780e-01
1.560000000000271712e+02 9.997398371526999838e-01
1.540000000000510170e+02 9.997390524721999627e-01
1.519999999999491536e+02 9.997383072108000368e-01
1.499999999999729710e+02 9.997374342153000359e-01
1.479999999999967883e+02 9.997367531790000150e-01
1.460000000000206057e+02 9.997359426323000342e-01
1.440000000000444231e+02 9.997351304453000465e-01
1.419999999999425881e+02 9.997343761082999603e-01
1.399999999999664055e+02 9.997335907170999958e-01
1.379999999999902229e+02 9.997326776324000353e-01
1.360000000000140119e+02 9.997318272737999445e-01
1.340000000000378577e+02 9.997309288712999953e-01
1.320000000000616467e+02 9.997301688387999485e-01
1.299999999999598401e+02 9.997290923768999971e-01
1.279999999999836433e+02 9.997282329828000025e-01
1.260000000000074749e+02 9.997271024892999680e-01
1.239999999999935767e+02 9.997255433170999517e-01
1.220000000000048459e+02 9.997228774976000265e-01
1.200000000000035243e+02 9.997169637195000291e-01
1.180000000000022169e+02 9.996824849818000125e-01
1.160000000000008953e+02 9.984776878446000037e-01
1.139999999999995879e+02 9.951744931686999918e-01
1.119999999999982521e+02 9.901729165678999633e-01
1.099999999999969589e+02 9.860009290864000242e-01
1.079999999999956231e+02 9.818076670077999779e-01
1.059999999999943299e+02 9.775296000497000204e-01
1.040000000000055564e+02 9.731897703927000487e-01
1.020000000000042490e+02 9.687947217640999753e-01
1.000000000000029274e+02 9.643647169297999699e-01
9.800000000000160583e+01 9.598758577117000312e-01
9.600000000000029843e+01 9.553366252952000259e-01
9.399999999999897682e+01 9.507518776422000384e-01
9.199999999999766942e+01 9.461037338348999848e-01
8.999999999999634781e+01 9.414229114657000075e-01
8.799999999999502620e+01 9.366620025584999620e-01
8.599999999999371880e+01 9.318600005427000177e-01
8.400000000000497380e+01 9.269795140504000219e-01
8.200000000000366640e+01 9.220845452371000395e-01
8.000000000000234479e+01 9.170917157054999658e-01
7.800000000000102318e+01 9.120365133804999580e-01
7.599999999999971578e+01 9.069258900668000223e-01
7.399999999999839417e+01 9.017565431942999865e-01
7.199999999999708677e+01 8.964895389307000473e-01
6.999999999999576517e+01 8.911712639734999941e-01
6.799999999999444356e+01 8.857576930894000000e-01
6.600000000000569855e+01 8.802780968064000122e-01
6.400000000000437694e+01 8.747046138083000022e-01
6.200000000000307665e+01 8.690553376530999463e-01
6.000000000000176215e+01 8.633239420737000014e-01
5.800000000000044764e+01 8.574888547967000063e-01
5.599999999999912603e+01 8.515586919213999906e-01
5.399999999999781153e+01 8.455202285896999959e-01
5.199999999999649702e+01 8.393864224075000546e-01
4.999999999999518252e+01 8.331400338798999883e-01
4.799999999999386802e+01 8.267718797783000229e-01
4.600000000000511591e+01 8.203030847497999600e-01
4.400000000000380140e+01 8.136739825012999638e-01
4.200000000000248690e+01 8.069356180104999554e-01
4.000000000000117240e+01 8.000566046961999911e-01
3.799999999999985789e+01 7.930068255298999835e-01
3.599999999999854339e+01 7.858085501573000009e-01
3.399999999999722178e+01 7.784488685950999853e-01
3.199999999999591083e+01 7.709084530509999755e-01
2.999999999999459277e+01 7.631564651346000039e-01
2.800000000000584421e+01 7.552097747927000171e-01
2.600000000000453326e+01 7.470579973397000195e-01
2.400000000000321876e+01 7.386547163554999518e-01
2.200000000000190070e+01 7.300027543007999720e-01
2.000000000000058620e+01 7.210705564975999904e-01
1.799999999999927169e+01 7.118538433258000397e-01
1.599999999999795541e+01 7.022872729210000164e-01
1.399999999999663913e+01 6.923699700534999835e-01
1.200000000000035172e+01 6.820529544532000221e-01
1.000000000000029310e+01 6.712934688117000448e-01
8.000000000000234479e+00 6.600130402971999821e-01
6.000000000000175859e+00 6.482019094926000369e-01
4.000000000000117240e+00 6.357190442404000441e-01
2.000000000000058620e+00 6.224913447130999700e-01
-1.665334536937150170e-13 6.083943196734999947e-01
-2.000000000000058620e+00 5.932063078050000549e-01
-4.000000000000117240e+00 5.767301983614999683e-01
-6.000000000000175859e+00 5.585933870417000291e-01
-8.000000000000234479e+00 5.382686086197999709e-01
-1.000000000000029310e+01 5.147803634794000383e-01
-1.200000000000035172e+01 4.863426330678000120e-01
-1.399999999999663913e+01 4.483022996043999897e-01
-1.599999999999795541e+01 -7.022113820865000244e-01
-1.799999999999927169e+01 -7.117524411325000244e-01
-2.000000000000058620e+01 -7.209817221911000162e-01
-2.200000000000190070e+01 -7.299273887291000129e-01
-2.400000000000321876e+01 -7.385808005519000075e-01
-2.600000000000453326e+01 -7.469820151710000466e-01
-2.800000000000584421e+01 -7.551494358946999608e-01
-2.999999999999459277e+01 -7.630958468709999609e-01
-3.199999999999591083e+01 -7.708385844644000118e-01
-3.399999999999722178e+01 -7.783869974185000373e-01
-3.599999999999854339e+01 -7.857604721762999622e-01
-3.799999999999985789e+01 -7.929653363497000118e-01
-4.000000000000117240e+01 -8.000142317030000116e-01
-4.200000000000248690e+01 -8.069071412628000539e-01
-4.400000000000380140e+01 -8.136711698729000020e-01
-4.600000000000511591e+01 -8.202841019937000544e-01
-4.799999999999386802e+01 -8.267635778165000060e-01
-4.999999999999518252e+01 -8.331339991042000515e-01
-5.199999999999649702e+01 -8.393770945616000345e-01
-5.399999999999781153e+01 -8.455225079132000499e-01
-5.599999999999912603e+01 -8.515594316679000464e-01
-5.800000000000044764e+01 -8.574872314564000453e-01
-6.000000000000176215e+01 -8.633188725593999857e-01
-6.200000000000307665e+01 -8.690707680095000054e-01
-6.400000000000437694e+01 -8.747265054863999634e-01
-6.600000000000569855e+01 -8.802932321804000093e-01
-6.799999999999444356e+01 -8.857829806252000004e-01
-6.999999999999576517e+01 -8.911930144634000461e-01
-7.199999999999708677e+01 -8.965175679539000297e-01
-7.399999999999839417e+01 -9.017795185206000097e-01
-7.599999999999971578e+01 -9.069616168334999617e-01
-7.800000000000102318e+01 -9.120842269529999546e-01
-8.000000000000234479e+01 -9.171382252979000116e-01
-8.200000000000366640e+01 -9.221158318465000336e-01
-8.400000000000497380e+01 -9.270514182157999494e-01
-8.599999999999371880e+01 -9.319309188790000364e-01
-8.799999999999502620e+01 -9.367434507659000431e-01
-8.999999999999634781e+01 -9.414787974210999666e-01
-9.199999999999766942e+01 -9.461848293004000432e-01
-9.399999999999897682e+01 -9.508315202066000005e-01
-9.600000000000029843e+01 -9.554363924237999628e-01
-9.800000000000160583e+01 -9.599694584480999993e-01
-1.000000000000029274e+02 -9.644656829873999859e-01
-1.020000000000042490e+02 -9.689134560997000323e-01
-1.040000000000055564e+02 -9.733208955689000019e-01
-1.059999999999943299e+02 -9.776817570318999673e-01
-1.079999999999956231e+02 -9.820081246248000273e-01
-1.099999999999969589e+02 -9.863093864527000543e-01
-1.119999999999982521e+02 -9.905635099634999552e-01
-1.139999999999995879e+02 -9.948576539603000146e-01
-1.160000000000008953e+02 -9.981804715269000372e-01
-1.180000000000022169e+02 -9.993331185167999564e-01
-1.200000000000035243e+02 -9.996124755204000012e-01
-1.220000000000048459e+02 -9.996760692617000510e-01
-1.239999999999935767e+02 -9.996999224446999621e-01
-1.260000000000074749e+02 -9.997109792127000238e-01
-1.279999999999836433e+02 -9.997172024304999960e-01
-1.299999999999598401e+02 -9.997214447365999623e-01
-1.320000000000616467e+02 -9.997244284537000203e-01
-1.340000000000378577e+02 -9.997266127692999715e-01
-1.360000000000140119e+02 -9.997285027358000509e-01
-1.379999999999902229e+02 -9.997299579573000194e-01
-1.399999999999664055e+02 -9.997314128829000168e-01
-1.419999999999425881e+02 -9.997326076792999450e-01
-1.440000000000444231e+02 -9.997336089045000262e-01
-1.460000000000206057e+02 -9.997347148651000159e-01
-1.479999999999967883e+02 -9.997357531200999903e-01
-1.499999999999729710e+02 -9.997365632732000407e-01
-1.519999999999491536e+02 -9.997375856225000357e-01
-1.540000000000510170e+02 -9.997383542032000081e-01
-1.560000000000271712e+02 -9.997392887242999571e-01
-1.580000000000033822e+02 -9.997402010735000344e-01
-1.599999999999795364e+02 -9.997410094176000239e-01
-1.619999999999557474e+02 -9.997417517866999948e-01
-1.640000000000575824e+02 -9.997424584770000511e-01
-1.660000000000337650e+02 -9.997433186866000465e-01
-1.680000000000099476e+02 -9.997440702801000389e-01
-1.699999999999861586e+02 -9.997447005991999536e-01
-1.719999999999623128e+02 -9.997455588335000254e-01
-1.739999999999384954e+02 -9.997462778272000472e-01
-1.760000000000403304e+02 -9.997470273444000188e-01
-1.780000000000165414e+02 -9.997477390597000468e-01
-1.799999999999926956e+02 -9.997485374490000520e-01
-1.819999999999688782e+02 -9.997491525031999560e-01
-1.839999999999450893e+02 -9.997498211534000534e-01
-1.860000000000469242e+02 -9.997504628507000168e-01
-1.880000000000231068e+02 -9.997511986239000503e-01
-1.899999999999993179e+02 -9.997519043164999619e-01
-1.919999999999754721e+02 -9.997525612751000379e-01
-1.939999999999516547e+02 -9.997532848210000100e-01
-1.960000000000534897e+02 -9.997539003957000014e-01
-1.980000000000297007e+02 -9.997545259922999694e-01
-2.000000000000058549e+02 -9.997553640009000375e-01
-1.980000000000297007e+02 -9.997546356284999769e-01
-1.960000000000534897e+02 -9.997538624980000233e-01
-1.939999999999516547e+02 -9.997532528203999513e-01
-1.919999999999754721e+02 -9.997526324983999624e-01
-1.899999999999993179e+02 -9.997518848136000003e-01
-1.880000000000231068e+02 -9.997513371270000393e-01
-1.860000000000469242e+02 -9.997504941429999903e-01
-1.839999999999450893e+02 -9.997498055853000221e-01
-1.819999999999688782e+02 -9.997491599918000293e-01
-1.799999999999926956e+02 -9.997485168944000300e-01
-1.780000000000165414e+02 -9.997477914796000231e-01
-1.760000000000403304e+02 -9.997469002415000361e-01
-1.739999999999384954e+02 -9.997463293027000208e-01
-1.719999999999623128e+02 -9.997456729928999586e-01
-1.699999999999861586e+02 -9.997449388507000378e-01
-1.680000000000099476e+02 -9.997441360448999781e-01
-1.660000000000337650e+02 -9.997435660050999484e-01
-1.640000000000575824e+02 -9.997427934975999797e-01
-1.619999999999557474e+02 -9.997419805617999700e-01
-1.599999999999795364e+02 -9.997413294368999725e-01
-1.580000000000033822e+02 -9.997406046833999804e-01
-1.560000000000271712e+02 -9.997398297246999910e-01
-1.540000000000510170e+02 -9.997390363107999667e-01
-1.519999999999491536e+02 -9.997383359791000013e-01
-1.499999999999729710e+02 -9.997375510749999528e-01
-1.479999999999967883e+02 -9.997367026700999526e-01
-1.460000000000206057e+02 -9.997359287722999976e-01
-1.440000000000444231e+02 -9.997350469008999818e-01
-1.419999999999425881e+02 -9.997343008694999922e-01
-1.399999999999664055e+02 -9.997335956342999763e-01
-1.379999999999902229e+02 -9.997325251580000405e-01
-1.360000000000140119e+02 -9.997318995099000460e-01
-1.340000000000378577e+02 -9.997309771896000230e-01
-1.320000000000616467e+02 -9.997300999664999743e-01
-1.299999999999598401e+02 -9.997291299114999807e-01
-1.279999999999836433e+02 -9.997282132128000320e-01
-1.260000000000074749e+02 -9.997270177728000418e-01
-1.239999999999935767e+02 -9.997256550926999497e-01
-1.220000000000048459e+02 -9.997227944758999563e-01
-1.200000000000035243e+02 -9.997171591135000090e-01
-1.180000000000022169e+02 -9.996813666239999785e-01
-1.160000000000008953e+02 -9.984516920422999986e-01
-1.139999999999995879e+02 -9.951713408974000030e-01
-1.119999999999982521e+02 -9.901744061400999941e-01
-1.099999999999969589e+02 -9.860066477761000314e-01
-1.079999999999956231e+02 -9.817997060061000036e-01
-1.059999999999943299e+02 -9.775110457057000213e-01
-1.040000000000055564e+02 -9.731867699798000260e-01
-1.020000000000042490e+02 -9.688010725104000409e-01
-1.000000000000029274e+02 -9.643544939720000153e-01
-9.800000000000160583e+01 -9.598763804404000233e-01
-9.600000000000029843e+01 -9.553364870067000414e-01
-9.399999999999897682e+01 -9.507537403699000134e-01
-9.199999999999766942e+01 -9.461066435649999606e-01
-8.999999999999634781e+01 -9.414069194537000307e-01
-8.799999999999502620e+01 -9.366728909060999531e-01
-8.599999999999371880e+01 -9.318601535536999991e-01
-8.400000000000497380e+01 -9.270054478511999818e-01
-8.200000000000366640e+01 -9.220774630143000472e-01
-8.000000000000234479e+01 -9.170909120107999524e-01
-7.800000000000102318e+01 -9.120439883087000377e-01
-7.599999999999971578e+01 -9.069358886150999943e-01
-7.399999999999839417e+01 -9.017441282924000268e-01
-7.199999999999708677e+01 -8.964975962278000088e-01
-6.999999999999576517e+01 -8.911658901311999559e-01
-6.799999999999444356e+01 -8.857609555208000307e-01
-6.600000000000569855e+01 -8.802779538349999600e-01
-6.400000000000437694e+01 -8.747067895878000154e-01
-6.200000000000307665e+01 -8.690513394218000176e-01
-6.000000000000176215e+01 -8.633243152053999836e-01
-5.800000000000044764e+01 -8.574918523714000207e-01
-5.599999999999912603e+01 -8.515515852363000349e-01
-5.399999999999781153e+01 -8.455315081593000048e-01
-5.199999999999649702e+01 -8.393933794874000043e-01
-4.999999999999518252e+01 -8.331438811253000232e-01
-4.799999999999386802e+01 -8.267827225306000338e-01
-4.600000000000511591e+01 -8.202896905659999849e-01
-4.400000000000380140e+01 -8.136816666589999913e-01
-4.200000000000248690e+01 -8.069288611106000264e-01
-4.000000000000117240e+01 -8.000536047952000462e-01
-3.799999999999985789e+01 -7.929941591236999709e-01
-3.599999999999854339e+01 -7.858161021145000369e-01
-3.399999999999722178e+01 -7.784393334082999605e-01
-3.199999999999591083e+01 -7.708845789945000249e-01
-2.999999999999459277e+01 -7.631584360069000317e-01
-2.800000000000584421e+01 -7.552257443108999491e-01
-2.600000000000453326e+01 -7.470467566841999529e-01
-2.400000000000321876e+01 -7.386471253201000176e-01
-2.200000000000190070e+01 -7.300066111506999800e-01
-2.000000000000058620e+01 -7.210755237210999535e-01
-1.799999999999927169e+01 -7.118433460627999754e-01
-1.599999999999795541e+01 -7.022760239487999545e-01
-1.399999999999663913e+01 -6.923581117614000524e-01
-1.200000000000035172e+01 -6.820362310956999963e-01
-1.000000000000029310e+01 -6.712909245057000485e-01
-8.000000000000234479e+00 -6.600146265016999525e-01
-6.000000000000175859e+00 -6.481967062379000444e-01
-4.000000000000117240e+00 -6.357136155896999652e-01
-2.000000000000058620e+00 -6.224987546338000000e-01
1.665334536937150170e-13 -6.083829795602999635e-01
2.000000000000058620e+00 -5.932132780183999587e-01
4.000000000000117240e+00 -5.767495268275000253e-01
6.000000000000175859e+00 -5.586109902788000126e-01
8.000000000000234479e+00 -5.382419495754999783e-01
1.000000000000029310e+01 -5.147858771268000178e-01
1.200000000000035172e+01 -4.863637164853000239e-01
1.399999999999663913e+01 -4.483048508842999991e-01
1.599999999999795541e+01 7.022208139535000004e-01
1.799999999999927169e+01 7.117494607176000354e-01
2.000000000000058620e+01 7.209975332685000238e-01
2.200000000000190070e+01 7.299107658490000539e-01
2.400000000000321876e+01 7.385787614844000482e-01
2.600000000000453326e+01 7.469874793790000078e-01
2.800000000000584421e+01 7.551382738297000019e-01
2.999999999999459277e+01 7.631002922759999585e-01
3.199999999999591083e+01 7.708512746504000424e-01
3.399999999999722178e+01 7.783998064363000235e-01
3.599999999999854339e+01 7.857687191351999667e-01
3.799999999999985789e+01 7.929730013726999927e-01
4.000000000000117240e+01 8.000180771704999971e-01
4.200000000000248690e+01 8.069003834244999895e-01
4.400000000000380140e+01 8.136498438320000082e-01
4.600000000000511591e+01 8.202777430312000462e-01
4.799999999999386802e+01 8.267720088076000451e-01
4.999999999999518252e+01 8.331320502221000179e-01
5.199999999999649702e+01 8.393827872588000005e-01
5.399999999999781153e+01 8.455234236691000493e-01
5.599999999999912603e+01 8.515587958614999620e-01
5.800000000000044764e+01 8.574925651575999730e-01
6.000000000000176215e+01 8.633294600192999990e-01
6.200000000000307665e+01 8.690676871311000529e-01
6.400000000000437694e+01 8.747249682265000326e-01
6.600000000000569855e+01 8.802900422211999976e-01
6.799999999999444356e+01 8.857824427146000490e-01
6.999999999999576517e+01 8.911944555684999658e-01
7.199999999999708677e+01 8.965282669690000095e-01
7.399999999999839417e+01 9.017730060324999908e-01
7.599999999999971578e+01 9.069688346187999572e-01
7.800000000000102318e+01 9.120748266117999492e-01
8.000000000000234479e+01 9.171380471885000052e-01
8.200000000000366640e+01 9.221277949484999459e-01
8.400000000000497380e+01 9.270529442918999941e-01
8.600000000000629541e+01 9.319239992518999482e-01
8.799999999999502620e+01 9.367273137468999922e-01
8.999999999999634781e+01 9.414843779499000309e-01
9.199999999999766942e+01 9.461784259282000065e-01
9.399999999999897682e+01 9.508230457570000516e-01
9.600000000000029843e+01 9.554294575887000152e-01
9.800000000000160583e+01 9.599680800072000197e-01
1.000000000000029274e+02 9.644677809064999829e-01
1.020000000000042490e+02 9.689191044834000177e-01
1.040000000000055564e+02 9.733221059023999810e-01
1.059999999999943299e+02 9.776913628629999575e-01
1.079999999999956231e+02 9.820189658414999467e-01
1.099999999999969589e+02 9.863017269523000063e-01
1.119999999999982521e+02 9.905717571259999854e-01
1.139999999999995879e+02 9.948545694378000404e-01
1.160000000000008953e+02 9.981580574327000299e-01
1.180000000000022169e+02 9.993293396511000459e-01
1.200000000000035243e+02 9.996112782395000229e-01
1.220000000000048459e+02 9.996771613673000045e-01
1.239999999999935767e+02 9.996997911970999517e-01
1.260000000000074749e+02 9.997110513246000307e-01
1.279999999999836433e+02 9.997176452303999650e-01
1.299999999999598401e+02 9.997213488331999631e-01
1.320000000000616467e+02 9.997245086835000460e-01
1.340000000000378577e+02 9.997262498130999875e-01
1.360000000000140119e+02 9.997284441674000321e-01
1.379999999999902229e+02 9.997300789416000422e-01
1.399999999999664055e+02 9.997312359223999856e-01
1.419999999999425881e+02 9.997323117740000153e-01
1.440000000000444231e+02 9.997336729331000038e-01
1.460000000000206057e+02 9.997348022744999563e-01
1.479999999999967883e+02 9.997359239116000440e-01
1.499999999999729710e+02 9.997367013675999559e-01
1.519999999999491536e+02 9.997375016125999991e-01
1.540000000000510170e+02 9.997385444792999953e-01
1.560000000000271712e+02 9.997392941157999813e-01
1.580000000000033822e+02 9.997401541834000094e-01
1.599999999999795364e+02 9.997409861425999855e-01
1.619999999999557474e+02 9.997419676198999738e-01
1.640000000000575824e+02 9.997425821834999837e-01
1.660000000000337650e+02 9.997433732086999925e-01
1.680000000000099476e+02 9.997442104991000056e-01
1.699999999999861586e+02 9.997448897174999738e-01
1.719999999999623128e+02 9.997456153006000212e-01
1.739999999999384954e+02 9.997462594411999914e-01
1.760000000000403304e+02 9.997471394607999606e-01
1.780000000000165414e+02 9.997476992981999544e-01
1.799999999999926956e+02 9.997484594108999589e-01
1.819999999999688782e+02 9.997490906442000336e-01
1.839999999999450893e+02 9.997498326739000518e-01
1.860000000000469242e+02 9.997503449028000144e-01
1.880000000000231068e+02 9.997512401892999501e-01
1.899999999999993179e+02 9.997517051583999503e-01
1.919999999999754721e+02 9.997529229955000041e-01
1.939999999999516547e+02 9.997531161481000295e-01
1.960000000000534897e+02 9.997539217694999536e-01
1.980000000000297007e+02 9.997546826041999735e-01
2.000000000000058549e+02 9.997554315430999816e-01
