4.445018433330005792e-07 5.956167931685493189e-01 -9.185096438852842536e-04 -8.030763613752534003e-01
1.000000444501843333e+00 5.311681376334509430e-01 -3.528134502989344230e-04 -8.430499923744968482e-01
2.000000444501843333e+00 4.667956557177566079e-01 -8.725887278822602039e-05 -8.828642402243527254e-01
3.000000444501843333e+00 4.052511203470212653e-01 5.892781203403237977e-04 -9.104243191149896663e-01
4.000000444501843333e+00 3.443612897350308288e-01 1.084678398930587293e-03 -9.350440540769799913e-01
5.000000444501843333e+00 2.849599252572654340e-01 -5.044693011458428657e-04 -9.576576614413200295e-01
6.000000444501843333e+00 2.277337157146521462e-01 -5.789421478884892568e-04 -9.708059727285984764e-01
7.000000444501843333e+00 1.710942905475766329e-01 -2.542136979368997754e-04 -9.834169886171839625e-01
8.000000444501843333e+00 1.145702743299876342e-01 3.657312780060636981e-04 -9.916581354367546286e-01
9.000000444501843333e+00 5.870396803069276997e-02 4.929243762761652270e-04 -9.968413507118594197e-01
1.000000044450184333e+01 1.973480183740366350e-03 -1.154281541546914574e-03 -9.992057788640058558e-01
1.100000044450184333e+01 -5.744878499564964880e-02 -1.062860060147040125e-04 -9.953907055012896077e-01
1.200000044450184333e+01 -1.168710501750396397e-01 9.417095295175054647e-04 -9.915756321385734706e-01
1.300000044450184333e+01 -1.794925922946078167e-01 -1.392420674168663068e-03 -9.821270994029462909e-01
1.400000044450184333e+01 -2.484456568845452296e-01 -1.641604381818666594e-04 -9.622125153459955005e-01
1.500000044450184333e+01 -3.173987214744826146e-01 1.064099797804940808e-03 -9.422979312890444881e-01
1.600000044450184333e+01 -3.861898332251280097e-01 -1.295001091942129742e-04 -9.221434057676918261e-01
1.700000044450184333e+01 -4.635138627078745910e-01 -3.389685043330729550e-03 -8.760367068253251954e-01
1.799999853715321052e+01 -5.419060344124378981e-01 -2.249603476676649734e-03 -8.271513155543895879e-01
1.899999853715321052e+01 -6.202983556384878971e-01 -1.109519735485378113e-03 -7.782658310417920333e-01
1.999999853715321052e+01 -6.962485514879928061e-01 -1.155322040016828686e-03 -7.097643433235621968e-01
2.099999853715321052e+01 -7.679150570067689863e-01 -2.313160572618680640e-04 -6.233928629192236892e-01
2.199999853715321052e+01 -8.357648242655004722e-01 -2.803203627761928149e-03 -5.215450832027707095e-01
2.299999853715321052e+01 -9.019812553419879197e-01 -4.375339392115869079e-03 -4.186647902700869617e-01
2.399999853715321052e+01 -9.450976016040889549e-01 -1.579341423112409261e-04 -2.964760527097297094e-01
2.499999853715321052e+01 -9.676305092770051131e-01 -1.607767073350174205e-03 -1.644827618637347832e-01
2.599999853715321052e+01 -9.901634169499213822e-01 -3.057600004389112065e-03 -3.248947101773997509e-02
2.699999853715321052e+01 -9.904653920811112844e-01 -1.636523748572666498e-03 1.003225189124292704e-01
2.799999853715321052e+01 -9.614061574747905237e-01 -1.349951513196081393e-03 2.217109032262333801e-01
2.899999853715321052e+01 -9.313500089247734870e-01 -1.454094819359218888e-03 3.412098756835038049e-01
2.999999853715321052e+01 -8.822355343401376837e-01 -1.841876094840780298e-03 4.427884977314812676e-01
3.099999853715321052e+01 -8.307937706964891866e-01 -2.143720184690653396e-03 5.420204445168274043e-01
3.199999662980457771e+01 -7.734020238879674158e-01 -1.600697478582723682e-03 6.299702751280242818e-01
3.299999662980457771e+01 -7.088047383197251250e-01 -1.293380949658104115e-03 6.956835855504206467e-01
3.399999758347889411e+01 -6.461235130920717218e-01 -1.761281892774163582e-03 7.582857999521723791e-01
3.499999758347889411e+01 -5.885101120076234871e-01 -1.087874837965442654e-03 8.037166702719776845e-01
3.599999758347889411e+01 -5.316276655982445920e-01 -1.604950001973160303e-03 8.402386851446510541e-01
3.699999758347889411e+01 -4.747452191888658080e-01 -2.122025165980876652e-03 8.767607000173242016e-01
3.799999758347889411e+01 -4.221293020985421585e-01 -1.096985551945080760e-03 9.054273914167600967e-01
3.899999662980457771e+01 -3.745370163089632998e-01 -1.509100706906489273e-03 9.253616885783888524e-01
3.999999662980457771e+01 -3.292162004972803979e-01 -1.495503848003411004e-03 9.428455468607159773e-01
4.099999662980457771e+01 -2.868261164454896095e-01 -9.446402643043146086e-04 9.571693790536468516e-01
4.199999662980457771e+01 -2.476231887746171423e-01 -1.398848680254521394e-03 9.679703580932712548e-01
4.299999662980457771e+01 -2.103897658013427208e-01 -1.297975634222013923e-03 9.764782500582128710e-01
4.399999662980457771e+01 -1.749378649594587332e-01 -2.107618588037931187e-04 9.837159846554742737e-01
4.499999662980457771e+01 -1.415833283578108170e-01 -1.936105086728721891e-03 9.887212375854339541e-01
4.599999662980457771e+01 -1.122693672286767808e-01 -4.403278155713877284e-04 9.931139795075047960e-01
4.699999639138599861e+01 -8.313753599635295699e-02 -9.211551995829542205e-04 9.960860395242036036e-01
4.799999639138599861e+01 -5.515859381289539565e-02 -6.604819052686431227e-04 9.975562373999171673e-01
4.899999627217670906e+01 -2.760029106138010835e-02 -9.418967162158928090e-04 9.985919361732509270e-01
4.999999619356479030e+01 -3.510998760989465436e-06 -9.914026532551988014e-04 9.996340046153342485e-01
5.099999609336277473e+01 2.794740896776750499e-02 -8.492486371761837072e-04 9.985298143290930462e-01
5.199999603375812995e+01 5.599053944283657186e-02 -7.031887130283156345e-04 9.969467343082990540e-01
5.299999591454884040e+01 8.405384613736394117e-02 -5.753896224406675197e-04 9.953427245504710141e-01
5.399999591454884040e+01 1.141512619948187590e-01 -9.656571357098981540e-04 9.920096458791969329e-01
5.499999567613026130e+01 1.442436814411575674e-01 -1.354393867983650843e-03 9.886803861000400540e-01
5.599999567613026130e+01 1.764860861787853619e-01 -6.466761600870726129e-04 9.835572938642472840e-01
5.699999567613026130e+01 2.118114332501003227e-01 -9.740202789781994032e-04 9.757534269727962117e-01
5.799999567613026130e+01 2.473656346162542152e-01 -5.365198704088032511e-04 9.676232055056548376e-01
5.899999567613026130e+01 2.869882936573259213e-01 7.769237724691881175e-04 9.560018243984906849e-01
5.999999567613026130e+01 3.298012497950447708e-01 8.362487821472509852e-04 9.415923847857441409e-01
6.099999567613026130e+01 3.735055383719274036e-01 1.137485757810169362e-04 9.261148135687042871e-01
6.199999567613026130e+01 4.236708572682513219e-01 1.204225544818030708e-03 9.025626372436271749e-01
6.299999567613026130e+01 4.745113286386116735e-01 6.920049909655591469e-04 8.776819744332066131e-01
6.399999472245594490e+01 5.304353791295832732e-01 -3.433979801451729832e-04 8.437538024203063980e-01
6.499999472245593779e+01 5.889420713456876566e-01 -2.433730656470674963e-04 8.044002500199406436e-01
6.599999472245593779e+01 6.494037564086487802e-01 2.570011951278199092e-04 7.539076820979719873e-01
6.699999472245593779e+01 7.114503721097269473e-01 -4.923598851593186110e-04 6.917736696138939712e-01
6.799999472245593779e+01 7.737346717623476700e-01 8.492001143147603903e-05 6.257471797421381154e-01
6.899999472245593779e+01 8.317584420612114116e-01 1.060289518819403087e-03 5.424061505486188484e-01
6.999999472245593779e+01 8.857527712760284722e-01 3.338767894793225055e-04 4.468494922623458265e-01
7.099999472245593779e+01 9.327820594932396681e-01 -6.290795284072704663e-04 3.412437390739883059e-01
7.199999472245593779e+01 9.647040366012975543e-01 -7.324323378186288480e-04 2.202038244383484611e-01
7.299999472245593779e+01 9.852249410908485716e-01 4.664704462059698215e-04 9.390463938378344755e-02
7.399999472245593779e+01 9.917614155398153386e-01 1.030466995378852540e-03 -3.471220888636530888e-02
7.499999472245593779e+01 9.845671774236524065e-01 6.653266799858258314e-04 -1.643252413488364150e-01
7.599999472245593779e+01 9.426638574439649698e-01 -3.581992907026754908e-04 -2.896803183077542032e-01
7.699999472245593779e+01 9.007605374642775331e-01 -1.381725261391185053e-03 -4.150353952666719359e-01
7.799999472245593779e+01 8.428560031218341742e-01 -1.007337287998646275e-04 -5.237240799422965276e-01
7.899999472245593779e+01 7.739729224627354132e-01 1.447230807092697233e-03 -6.216055101818132034e-01
7.999999472245593779e+01 7.002158979488400936e-01 9.974203357643492140e-05 -7.082480305968523737e-01
8.099999472245593779e+01 6.220807465742089759e-01 -1.562118068979182969e-03 -7.696927363014666179e-01
8.199999281510730498e+01 5.439457442305518642e-01 -3.223975001788195911e-03 -8.311373248096052269e-01
8.299999281510730498e+01 4.665876479760544537e-01 8.808480170074736021e-04 -8.812663344685205402e-01
8.399999281510730498e+01 3.919145072107675931e-01 5.243973153248012234e-04 -9.133132405265066422e-01
8.499999281510730498e+01 3.171979446454284424e-01 1.137173378746633018e-04 -9.454276534365678719e-01
8.599999281510730498e+01 2.483580522696698656e-01 1.255846645728681595e-03 -9.666372369151349231e-01
8.699999281510730498e+01 1.807207113091538198e-01 8.358567487598725192e-04 -9.825261102510149946e-01
8.799999281510730498e+01 1.179079061756963392e-01 -1.536633720125770569e-03 -9.908238971362901548e-01
8.899999281510730498e+01 5.959976203888064927e-02 -1.350466343099474649e-03 -9.937428494239761712e-01
8.999999281510730498e+01 4.530783019894603358e-04 -1.054579355582271893e-03 -9.971679309650800516e-01
9.099999281510730498e+01 -5.775457829062391468e-02 5.570881265883827508e-04 -9.973524428251786533e-01
9.199999281510730498e+01 -1.143450599580781435e-01 1.846819835460407160e-04 -9.903602294950053508e-01
9.299999281510730498e+01 -1.709673022238633322e-01 -3.898407903813447587e-04 -9.831115993249424090e-01
9.399999281510730498e+01 -2.278512537301131402e-01 3.490071108695927231e-04 -9.724417483141342133e-01
9.499999281510730498e+01 -2.857197072262445126e-01 6.581572077333486780e-04 -9.554393059951252765e-01
9.599999281510730498e+01 -3.442096424372020902e-01 1.286863950663366674e-04 -9.353461336074331278e-01
9.699999281510730498e+01 -4.027936203624203904e-01 -1.098515417287743634e-04 -9.151820584801528824e-01
9.799999281510730498e+01 -4.668522841019809855e-01 -3.600112327237832031e-04 -8.780918264404722340e-01
9.899999281510730498e+01 -5.310434942217656662e-01 -5.519734384851094234e-04 -8.408585737075559008e-01
9.999999281510730498e+01 0.000000000000000000e+00 0.000000000000000000e+00 0.000000000000000000e+00
